	Lanzhou	Yinchuan	Shantou	Tunxi	Changsha	Jinan	Zhengzhou	Xiamen	Xining	Shexian	Suzhou	Beijing	Wenzhou	Tianjin	Wulumuqi	Guiyang	Shanghai	Taibei	Taoyuan	Hangzhou	Xian	Hefei	Guangzhou	Haikou	Meixian	Wuhan	Xianggang	Jianou	Pingyao	Qingdao	Fuzhou	Nanchang	Nanjing	Huhehaote	Haerbin	Nanning	Chengdu	Xiangtan	Kunming	Taiyuan
Lanzhou	0.0	0.707528887533953	1.7269732324227824	1.757344264478768	1.4920073510843816	1.1836169235638672	1.408436175770818	1.745262563958446	1.4913251248591912	1.583901997789635	1.6843900066596178	1.5566530109597365	1.7474554348363243	1.6053273548717857	1.4195365931725923	1.6393123818614435	1.653172058740577	1.7762911767575988	1.8470821434176763	1.6380797939431926	1.5632026030481077	1.641720902632712	1.7719176178785065	1.7570261886966618	1.763731490375541	1.599982857195808	1.7814800205907924	1.6676135921669832	1.4409403944513715	1.273330127146294	1.4519254005394349	1.7706536987285206	1.62281453983325	1.317388964561695	1.5481129347187954	1.8055205814056765	1.4051493850180345	1.7009648859827458	1.5401326541368823	1.563072792271492
Yinchuan	0.707528887533953	0.0	1.632198682867514	1.7609934648300811	1.3742523005535725	1.2128429491772783	1.1632828739665724	1.5538903481604347	1.3066577022642205	1.6380825644654609	1.6302833317351162	1.2328710762751969	1.7124902410201515	1.377848434373433	1.1502783425224394	1.4105945849087536	1.5867108907790823	1.5736972144787373	1.7960718303533674	1.5974782466483552	1.4492210463737183	1.6751672419561268	1.6937953370350005	1.7474580185742994	1.581543917395718	1.354522724068993	1.5809040832074692	1.6177207434477787	1.3052119929315094	1.314341525591512	1.2895288794610995	1.7205067910382859	1.6529046571403336	1.4399719369806467	1.212407863187583	1.6304332400605164	1.0981969100655702	1.6000079270054948	1.395860990895455	1.4717759104912211
Shantou	1.7269732324227824	1.632198682867514	0.0	1.545854652133905	1.5289198771879413	1.6680345841675934	1.5430850002899947	1.2497040019480483	1.5521521228082389	1.4720402898725933	1.6996302607905003	1.6698655738209887	1.6151100883310336	1.6714842323548462	1.4971608346778014	1.4843481080781378	1.7585162945865231	1.2205943049573325	1.640235125157458	1.6333332275364711	1.5326613529956439	1.5440802502274689	1.6861367617521266	1.5340856436253634	1.2605870152307728	1.6228440323116713	1.732016943747754	1.6343738289603922	1.6673091345659072	1.7005670487696736	1.4362812840239827	1.5882913790546338	1.6023446079692172	1.7074264169588362	1.6407964851783898	1.7194609206492832	1.5619682331599725	1.6162905676440258	1.6433021172478215	1.427531021009059
Tunxi	1.757344264478768	1.7609934648300811	1.545854652133905	0.0	1.582063699959579	1.7104455198421795	1.643283796268471	1.6315103886809834	1.651611086295501	1.3182048393772008	1.5737106740776388	1.5559107517068704	1.5535116587359132	1.643383100516358	1.6947175265902494	1.6950100606824492	1.5070457795748613	1.711821487647477	1.6358324894350846	1.5257124884429056	1.6823470009185326	1.3553504877275286	1.6758449441010543	1.6668653799920334	1.6084536791700037	1.7454371359032896	1.6666244642302535	1.678784687677795	1.8263951386999078	1.5616424649202147	1.71330527160142	1.4206699390825412	1.4691029777660505	1.7310912994009	1.6195413085209416	1.617577749342437	1.710343051182483	1.636144347491695	1.7087446119166048	1.6304164747717753
Changsha	1.4920073510843816	1.3742523005535725	1.5289198771879413	1.582063699959579	0.0	1.6024554719791322	1.1832527371433001	1.5466508838464126	1.4772011445805044	1.6366932168041264	1.4078787566772033	1.3477925054845832	1.5592333665643299	1.407047232943917	1.410860403657483	1.3020940342149872	1.44047511150575	1.5354934317608517	1.5121183302444754	1.4751392486136656	1.1552827557207987	1.624941446079526	1.6644124524698942	1.6873388925351689	1.4788306377125537	1.233610545443841	1.6850345103309798	1.314629873327656	1.4650064478693268	1.612476945373931	1.6183695997536187	1.5144815168460002	1.1487413282868342	1.466214080403654	1.2040787039019283	1.7016857702810808	1.2752658951827835	0.7733014726596786	1.5282052195434863	1.4994450029607431
Jinan	1.1836169235638672	1.2128429491772783	1.6680345841675934	1.7104455198421795	1.6024554719791322	0.0	1.205083449670514	1.6409986114668618	1.4029519391747574	1.6017914521823486	1.7557337494987681	1.3796103603894427	1.5107596663410665	1.5585239492845526	1.1281593621013224	1.451913439294425	1.7288325804290594	1.7561298762202622	1.8120392027236392	1.720180896022883	1.2425102882138521	1.6387648152249736	1.7189403769345133	1.8082661577921721	1.6865752490562147	1.457535746847121	1.699285156817064	1.661937462568066	1.6492193902505563	0.717839490685751	1.7165944950812655	1.6625749272190284	1.6543569267346974	1.502474528272196	1.403322327729727	1.7318990088684485	1.5213294962608614	1.7264305368817214	1.4804275453903708	1.4990239216205712
Zhengzhou	1.408436175770818	1.1632828739665724	1.5430850002899947	1.643283796268471	1.1832527371433001	1.205083449670514	0.0	1.547285619081527	1.436960993428828	1.585923310673601	1.7060339059292604	1.0829934908958687	1.7251858088487317	1.2953791090228588	1.055313180516777	1.2871426971216726	1.6947816463425736	1.5805802357975185	1.6808978670543118	1.666253918706095	1.221756306994026	1.568077803763192	1.6662578533240198	1.6579135495592077	1.592482951830519	1.3501887791456695	1.6321581737051414	1.3949424443121727	1.5186516659368268	1.242990265806451	1.5159121937139926	1.5362527869213627	1.5130101202468778	1.527972541984746	1.0313591800303734	1.6717188411473476	1.2695275454947477	1.3902561981791433	1.3617855855343244	1.4414576029552653
Xiamen	1.745262563958446	1.5538903481604347	1.2497040019480483	1.6315103886809834	1.5466508838464126	1.6409986114668618	1.547285619081527	0.0	1.512638504173779	1.6047315978109236	1.7148985549611728	1.3317233662246275	1.6807713501486137	1.5928509326114302	1.493824226181812	1.4805800712932609	1.788195093045692	0.7710104400065876	1.6842429662509657	1.7661410919860439	1.4849238373741935	1.7218364149788095	1.5316754613670205	1.5821277194439638	1.2505757871762682	1.5728785417399886	1.4333056442234315	1.6001898785701447	1.7090927248038241	1.7016071574926634	1.401039875422855	1.5362072086774947	1.595454995770568	1.6538694952342219	1.4744602302668035	1.462962988965821	1.2780125856714712	1.6717021705996575	1.4171421019864534	1.6020732248251923
Xining	1.4913251248591912	1.3066577022642205	1.5521521228082389	1.651611086295501	1.4772011445805044	1.4029519391747574	1.436960993428828	1.512638504173779	0.0	1.6367574462247534	1.5005101354398116	1.3364374269257673	1.7701094169553133	1.5833568364482593	1.2248269658479725	1.336439914029984	1.6024957032125435	1.3660270942316792	1.738259853983188	1.6122968416375254	1.1746670891367357	1.5642279000635346	1.726969816975061	1.7188948719509591	1.6245954662925737	1.5160126658328354	1.641171227553099	1.6367935954929687	1.6067972707555147	1.2432795649333022	1.5937212263169198	1.502426223570009	1.4753558705690977	1.4770031510591268	1.1543172195595552	1.6047421042113648	1.462450771614932	1.6422499699452713	1.4000728621169873	1.6109212900602106
Shexian	1.583901997789635	1.6380825644654609	1.4720402898725933	1.3182048393772008	1.6366932168041264	1.6017914521823486	1.585923310673601	1.6047315978109236	1.6367574462247534	0.0	1.8139768394603109	1.6899924420500692	1.5828397632915747	1.5866112456372221	1.6066595572805853	1.3792265514257342	1.6535966492288492	1.6652514502112252	1.7142629187950047	1.7391393887817603	1.3992357301686809	1.5691277792318035	1.648433195684507	1.8342668208129	1.6184209238261777	1.6524987503060782	1.6575108333822586	1.690060188846907	1.7848057617621178	1.6407635558594145	1.7203168693698263	1.573126149883922	1.603589975675543	1.5612302529850832	1.6937508934647543	1.5402770768004834	1.5831712988126143	1.7547902875716157	1.6492683521440825	1.55919932971497
Suzhou	1.6843900066596178	1.6302833317351162	1.6996302607905003	1.5737106740776388	1.4078787566772033	1.7557337494987681	1.7060339059292604	1.7148985549611728	1.5005101354398116	1.8139768394603109	0.0	1.560043704964127	1.6232291849792602	1.7408259682183203	1.570649846335861	1.579105495275934	0.9717560841269329	1.623423470073484	1.7795726662770655	1.2477061431488667	1.7606707443104268	1.5442089388878937	1.7421163987582335	1.5875540049163293	1.685912551617445	1.5716186359974103	1.6886270779286852	1.749196573414544	1.5977217460086828	1.6540448524640472	1.6778743620506513	1.4491912670640414	1.445324569165455	1.6563262599286774	1.5481450237800711	1.7339154963972216	1.5558036556103483	1.5840723891029183	1.6163960437890066	1.6907020711041967
Beijing	1.5566530109597365	1.2328710762751969	1.6698655738209887	1.5559107517068704	1.3477925054845832	1.3796103603894427	1.0829934908958687	1.3317233662246275	1.3364374269257673	1.6899924420500692	1.560043704964127	0.0	1.6562769400304544	1.0373224971124684	1.1471050263593592	1.3922524585780875	1.6706906794769663	1.528119793875004	1.7650189145166852	1.7174528207802418	1.2044327780969806	1.4770180504044061	1.7394926293273327	1.683881993634069	1.4973329549937335	1.2820148811751884	1.6223551215024052	1.5427768485733184	1.633298031518735	1.2196075344730688	1.6208163288404838	1.4134504839688509	1.407388996223749	1.6065439266634054	0.6547991589387931	1.6427080937207776	1.3392088169587608	1.5403693182248581	1.4741512519729862	1.5471958343507306
Wenzhou	1.7474554348363243	1.7124902410201515	1.6151100883310336	1.5535116587359132	1.5592333665643299	1.5107596663410665	1.7251858088487317	1.6807713501486137	1.7701094169553133	1.5828397632915747	1.6232291849792602	1.6562769400304544	0.0	1.7332075331330479	1.4503556948464382	1.625357724511483	1.4700916554047525	1.7755844892249235	1.8018865949878704	1.57919664487946	1.7141287293687923	1.8438292464503225	1.5200270380662255	1.6377088678689384	1.6674020987855511	1.3665205626170023	1.5599059755931508	1.7592432061859034	1.7740002520956366	1.6373558017873633	1.794749451771152	1.7654598116365183	1.803405622033151	1.6031473025659382	1.6885270930141223	1.5931310366295919	1.4667905655721039	1.627590662147207	1.5897346363911034	1.6784921106239574
Tianjin	1.6053273548717857	1.377848434373433	1.6714842323548462	1.643383100516358	1.407047232943917	1.5585239492845526	1.2953791090228588	1.5928509326114302	1.5833568364482593	1.5866112456372221	1.7408259682183203	1.0373224971124684	1.7332075331330479	0.0	1.3385447354385074	1.4661338619700786	1.7211248087628312	1.6243010568751712	1.6914849053829668	1.741160815205633	1.1599914799852717	1.28274172157745	1.7290164766422393	1.7460994308751185	1.427777267419609	1.402737321479241	1.6977218090245831	1.6634195169595305	1.5247370547114913	1.5543386369975685	1.6954887116284305	1.4065949324820617	1.3776541248821346	1.5623453369860925	0.8642834372257241	1.7537152647025325	1.4660650850292773	1.5439045852445437	1.6950092824033276	1.5485918676412191
Wulumuqi	1.4195365931725923	1.1502783425224394	1.4971608346778014	1.6947175265902494	1.410860403657483	1.1281593621013224	1.055313180516777	1.493824226181812	1.2248269658479725	1.6066595572805853	1.570649846335861	1.1471050263593592	1.4503556948464382	1.3385447354385074	0.0	1.0065335787384952	1.6842589240728012	1.519760454412597	1.7588889928032696	1.7032230036980769	1.3645568615626984	1.697374205047009	1.594959055678924	1.713393977082322	1.4570006986216764	1.0458628974531368	1.4913023678887294	1.5897369294412487	1.6287309732050446	1.2998259945972312	1.5071946398779226	1.5501425895508592	1.6814532355651366	1.4889902715643968	1.1280828968288459	1.5144830303816144	1.2502895063437078	1.5778253848612585	1.3556155316271115	1.4119859426730332
Guiyang	1.6393123818614435	1.4105945849087536	1.4843481080781378	1.6950100606824492	1.3020940342149872	1.451913439294425	1.2871426971216726	1.4805800712932609	1.336439914029984	1.3792265514257342	1.579105495275934	1.3922524585780875	1.625357724511483	1.4661338619700786	1.0065335787384952	0.0	1.696598219153839	1.4792700095198423	1.717472226031549	1.6107447803133343	1.2515428177748202	1.7905866674936224	1.4541365212107773	1.7178590989092486	1.4077183080271451	1.0296939224613033	1.409354885230974	1.4777594777494292	1.767581213538636	1.5556580004538263	1.571809934933209	1.5447609169064682	1.662959924367307	1.6171525709805743	1.3558035262720929	1.4222402551461715	0.8565770636813754	1.4113257594701896	1.2588169961032576	1.460301571368941
Shanghai	1.653172058740577	1.5867108907790823	1.7585162945865231	1.5070457795748613	1.44047511150575	1.7288325804290594	1.6947816463425736	1.788195093045692	1.6024957032125435	1.6535966492288492	0.9717560841269329	1.6706906794769663	1.4700916554047525	1.7211248087628312	1.6842589240728012	1.696598219153839	0.0	1.7021181959080072	1.8364225154654028	1.102760247016644	1.65378836507778	1.5893253296689482	1.4540097086798367	1.5340387623432976	1.7789155183554666	1.5865299838583065	1.5513017589775626	1.7050469784396052	1.4649331374769523	1.6648957822584076	1.8134860469089915	1.3821282695396682	1.447583603734167	1.6503535066523827	1.6275160682086507	1.6875552365348812	1.5844230338920016	1.6487116663197041	1.7150643372730812	1.5869464219806932
Taibei	1.7762911767575988	1.5736972144787373	1.2205943049573325	1.711821487647477	1.5354934317608517	1.7561298762202622	1.5805802357975185	0.7710104400065876	1.3660270942316792	1.6652514502112252	1.623423470073484	1.528119793875004	1.7755844892249235	1.6243010568751712	1.519760454412597	1.4792700095198423	1.7021181959080072	0.0	1.5785214823138913	1.7203675759126553	1.3702027027452184	1.7883720925878266	1.6218695286012825	1.5927645231449805	1.35113361412876	1.5620227861276934	1.5442258513358387	1.6549526582310077	1.6782163781267916	1.756973064857131	1.4979201794711106	1.562886104758098	1.505710468133404	1.6453585139498117	1.3974930914716865	1.5571278511931785	1.2768697621206906	1.6499905144155953	1.4133584722805193	1.5832393059709984
Taoyuan	1.8470821434176763	1.7960718303533674	1.640235125157458	1.6358324894350846	1.5121183302444754	1.8120392027236392	1.6808978670543118	1.6842429662509657	1.738259853983188	1.7142629187950047	1.7795726662770655	1.7650189145166852	1.8018865949878704	1.6914849053829668	1.7588889928032696	1.717472226031549	1.8364225154654028	1.5785214823138913	0.0	1.7461963665540692	1.5518911656311185	1.7711330290172809	1.7765233292910338	1.6965636938709783	1.021598434132533	1.7588601493636173	1.7510532252935123	1.6571886207140862	1.73126842373486	1.7279553672977872	1.6273809962419339	1.6573140603635963	1.4726893509914531	1.6319878203581157	1.7460201487941887	1.676306764233498	1.7739912335590136	1.6032568383939592	1.7648108553912838	1.5410963625772685
Hangzhou	1.6380797939431926	1.5974782466483552	1.6333332275364711	1.5257124884429056	1.4751392486136656	1.720180896022883	1.666253918706095	1.7661410919860439	1.6122968416375254	1.7391393887817603	1.2477061431488667	1.7174528207802418	1.57919664487946	1.741160815205633	1.7032230036980769	1.6107447803133343	1.102760247016644	1.7203675759126553	1.7461963665540692	0.0	1.6843485492661472	1.5557272045537922	1.6230728022980792	1.61860010856644	1.7679056125656665	1.5114672461357317	1.6502093667659359	1.7678767736951173	1.6499753010537366	1.6507863851929767	1.7936641832764284	1.4217810482737516	1.440761351294035	1.6351618759108706	1.7180917336226305	1.7744104980818531	1.5280529553352644	1.5447210917991971	1.6290320728740986	1.5036982467349875
Xian	1.5632026030481077	1.4492210463737183	1.5326613529956439	1.6823470009185326	1.1552827557207987	1.2425102882138521	1.221756306994026	1.4849238373741935	1.1746670891367357	1.3992357301686809	1.7606707443104268	1.2044327780969806	1.7141287293687923	1.1599914799852717	1.3645568615626984	1.2515428177748202	1.65378836507778	1.3702027027452184	1.5518911656311185	1.6843485492661472	0.0	1.6054680966222254	1.7206170064710897	1.7770028655875079	1.5406909217848381	1.4098405572109303	1.6992772349017802	1.4950419190150965	1.5518823760329996	1.4275298817958157	1.757540945797499	1.523918797540892	1.2796978833135728	1.3210819836839203	1.0065862603050029	1.7228347575752176	1.355995991243303	1.453782400990144	1.4773978949320186	1.3044246338931242
Hefei	1.641720902632712	1.6751672419561268	1.5440802502274689	1.3553504877275286	1.624941446079526	1.6387648152249736	1.568077803763192	1.7218364149788095	1.5642279000635346	1.5691277792318035	1.5442089388878937	1.4770180504044061	1.8438292464503225	1.28274172157745	1.697374205047009	1.7905866674936224	1.5893253296689482	1.7883720925878266	1.7711330290172809	1.5557272045537922	1.6054680966222254	0.0	1.8029636962480864	1.67022708681972	1.5164194559820112	1.7170101405005531	1.8042523455937287	1.7194735321964856	1.7348317013279326	1.467829468357492	1.720559119071132	1.471829033303815	1.2695913375061998	1.5360535262039203	1.3548317720967233	1.8339661396527411	1.7366902105462576	1.7001615365044125	1.8199391798101914	1.6053824432089718
Guangzhou	1.7719176178785065	1.6937953370350005	1.6861367617521266	1.6758449441010543	1.6644124524698942	1.7189403769345133	1.6662578533240198	1.5316754613670205	1.726969816975061	1.648433195684507	1.7421163987582335	1.7394926293273327	1.5200270380662255	1.7290164766422393	1.594959055678924	1.4541365212107773	1.4540097086798367	1.6218695286012825	1.7765233292910338	1.6230728022980792	1.7206170064710897	1.8029636962480864	0.0	1.5573466764403592	1.575573178432074	1.6104773488835913	0.2215755366743517	1.4698640540728818	1.8243558600448475	1.7263135934217422	1.7522499188352585	1.6081646207506197	1.7553434849108487	1.7049621992241613	1.689058185463447	0.5864257232736202	1.5475198800944148	1.748389878938947	1.6839952605749797	1.7212964528509427
Haikou	1.7570261886966618	1.7474580185742994	1.5340856436253634	1.6668653799920334	1.6873388925351689	1.8082661577921721	1.6579135495592077	1.5821277194439638	1.7188948719509591	1.8342668208129	1.5875540049163293	1.683881993634069	1.6377088678689384	1.7460994308751185	1.713393977082322	1.7178590989092486	1.5340387623432976	1.5927645231449805	1.6965636938709783	1.61860010856644	1.7770028655875079	1.67022708681972	1.5573466764403592	0.0	1.5941457997983344	1.6312983779322416	1.6265109186651636	1.6844298384117344	1.6224984395281985	1.6619632063060952	1.7383455139965545	1.512548370337675	1.529657868999353	1.6056163228813056	1.62545629647295	1.6422973491841568	1.5247213959904604	1.7773534636642112	1.7343055649759793	1.7709777506734068
Meixian	1.763731490375541	1.581543917395718	1.2605870152307728	1.6084536791700037	1.4788306377125537	1.6865752490562147	1.592482951830519	1.2505757871762682	1.6245954662925737	1.6184209238261777	1.685912551617445	1.4973329549937335	1.6674020987855511	1.427777267419609	1.4570006986216764	1.4077183080271451	1.7789155183554666	1.35113361412876	1.021598434132533	1.7679056125656665	1.5406909217848381	1.5164194559820112	1.575573178432074	1.5941457997983344	0.0	1.4594320471578446	1.4840780574227612	1.5714548530953278	1.7474711351948449	1.6660528856465353	1.4274310788588063	1.564900617497293	1.5896280056240595	1.7385952809938532	1.324842935114071	1.4679190195960161	1.4533105140003229	1.5838964320218267	1.632610123688284	1.2779053104619047
Wuhan	1.599982857195808	1.354522724068993	1.6228440323116713	1.7454371359032896	1.233610545443841	1.457535746847121	1.3501887791456695	1.5728785417399886	1.5160126658328354	1.6524987503060782	1.5716186359974103	1.2820148811751884	1.3665205626170023	1.402737321479241	1.0458628974531368	1.0296939224613033	1.5865299838583065	1.5620227861276934	1.7588601493636173	1.5114672461357317	1.4098405572109303	1.7170101405005531	1.6104773488835913	1.6312983779322416	1.4594320471578446	0.0	1.5644842518108635	1.6217660470058042	1.5328092867249756	1.6428698679328884	1.6708871811556918	1.6318649663385254	1.632573688235702	1.6219254993011494	1.2143450125628354	1.6070620532979012	0.9942660904493726	1.415400795574943	1.557123673979384	1.382232272036416
Xianggang	1.7814800205907924	1.5809040832074692	1.732016943747754	1.6666244642302535	1.6850345103309798	1.699285156817064	1.6321581737051414	1.4333056442234315	1.641171227553099	1.6575108333822586	1.6886270779286852	1.6223551215024052	1.5599059755931508	1.6977218090245831	1.4913023678887294	1.409354885230974	1.5513017589775626	1.5442258513358387	1.7510532252935123	1.6502093667659359	1.6992772349017802	1.8042523455937287	0.2215755366743517	1.6265109186651636	1.4840780574227612	1.5644842518108635	0.0	1.4767345248860808	1.8052533369141506	1.7166474325891232	1.6615259396381281	1.6071975546884198	1.7882384150059787	1.7235035311998992	1.5737512103609115	0.5101215581273055	1.4989545526954486	1.7495865620503799	1.6353828035626599	1.710788708022803
Jianou	1.6676135921669832	1.6177207434477787	1.6343738289603922	1.678784687677795	1.314629873327656	1.661937462568066	1.3949424443121727	1.6001898785701447	1.6367935954929687	1.690060188846907	1.749196573414544	1.5427768485733184	1.7592432061859034	1.6634195169595305	1.5897369294412487	1.4777594777494292	1.7050469784396052	1.6549526582310077	1.6571886207140862	1.7678767736951173	1.4950419190150965	1.7194735321964856	1.4698640540728818	1.6844298384117344	1.5714548530953278	1.6217660470058042	1.4767345248860808	0.0	1.7030867386921296	1.5978984715204179	1.4977777829780594	1.634691941354253	1.595445438377606	1.604146201523794	1.4958444419033736	1.474610765765614	1.6142639688122515	1.471130742536932	1.7036534066316076	1.6379850869960757
Pingyao	1.4409403944513715	1.3052119929315094	1.6673091345659072	1.8263951386999078	1.4650064478693268	1.6492193902505563	1.5186516659368268	1.7090927248038241	1.6067972707555147	1.7848057617621178	1.5977217460086828	1.633298031518735	1.7740002520956366	1.5247370547114913	1.6287309732050446	1.767581213538636	1.4649331374769523	1.6782163781267916	1.73126842373486	1.6499753010537366	1.5518823760329996	1.7348317013279326	1.8243558600448475	1.6224984395281985	1.7474711351948449	1.5328092867249756	1.8052533369141506	1.7030867386921296	0.0	1.7003214701802132	1.577312141432937	1.7270111860154467	1.6186851582990407	1.5115902243842756	1.5455331369270233	1.8348202243496248	1.618224474335801	1.6764616790901563	1.5927240125550721	1.541805096928333
Qingdao	1.273330127146294	1.314341525591512	1.7005670487696736	1.5616424649202147	1.612476945373931	0.717839490685751	1.242990265806451	1.7016071574926634	1.2432795649333022	1.6407635558594145	1.6540448524640472	1.2196075344730688	1.6373558017873633	1.5543386369975685	1.2998259945972312	1.5556580004538263	1.6648957822584076	1.756973064857131	1.7279553672977872	1.6507863851929767	1.4275298817958157	1.467829468357492	1.7263135934217422	1.6619632063060952	1.6660528856465353	1.6428698679328884	1.7166474325891232	1.5978984715204179	1.7003214701802132	0.0	1.712195120589285	1.6432858262383885	1.5461938168658447	1.427980506391358	1.3759308602047668	1.698462902304903	1.569357591574939	1.7471902272259197	1.5517914953076768	1.5663097959806391
Fuzhou	1.4519254005394349	1.2895288794610995	1.4362812840239827	1.71330527160142	1.6183695997536187	1.7165944950812655	1.5159121937139926	1.401039875422855	1.5937212263169198	1.7203168693698263	1.6778743620506513	1.6208163288404838	1.794749451771152	1.6954887116284305	1.5071946398779226	1.571809934933209	1.8134860469089915	1.4979201794711106	1.6273809962419339	1.7936641832764284	1.757540945797499	1.720559119071132	1.7522499188352585	1.7383455139965545	1.4274310788588063	1.6708871811556918	1.6615259396381281	1.4977777829780594	1.577312141432937	1.712195120589285	0.0	1.5953038254342227	1.5777084027165487	1.7222005212273555	1.6160298716344295	1.6898899927553594	1.6221768604481221	1.6959153994766447	1.5957183291697792	1.7263453828260151
Nanchang	1.7706536987285206	1.7205067910382859	1.5882913790546338	1.4206699390825412	1.5144815168460002	1.6625749272190284	1.5362527869213627	1.5362072086774947	1.502426223570009	1.573126149883922	1.4491912670640414	1.4134504839688509	1.7654598116365183	1.4065949324820617	1.5501425895508592	1.5447609169064682	1.3821282695396682	1.562886104758098	1.6573140603635963	1.4217810482737516	1.523918797540892	1.471829033303815	1.6081646207506197	1.512548370337675	1.564900617497293	1.6318649663385254	1.6071975546884198	1.634691941354253	1.7270111860154467	1.6432858262383885	1.5953038254342227	0.0	1.2148643152321994	1.6880441529309422	1.3494694836887708	1.6858204823475336	1.6171636856272036	1.5406949540716255	1.7273410857108134	1.6485362066036202
Nanjing	1.62281453983325	1.6529046571403336	1.6023446079692172	1.4691029777660505	1.1487413282868342	1.6543569267346974	1.5130101202468778	1.595454995770568	1.4753558705690977	1.603589975675543	1.445324569165455	1.407388996223749	1.803405622033151	1.3776541248821346	1.6814532355651366	1.662959924367307	1.447583603734167	1.505710468133404	1.4726893509914531	1.440761351294035	1.2796978833135728	1.2695913375061998	1.7553434849108487	1.529657868999353	1.5896280056240595	1.632573688235702	1.7882384150059787	1.595445438377606	1.6186851582990407	1.5461938168658447	1.5777084027165487	1.2148643152321994	0.0	1.3919713378602059	1.2858505903008788	1.8170046853163493	1.6322550108305534	1.4135378053602823	1.6558303292933627	1.6966871244500679
Huhehaote	1.317388964561695	1.4399719369806467	1.7074264169588362	1.7310912994009	1.466214080403654	1.502474528272196	1.527972541984746	1.6538694952342219	1.4770031510591268	1.5612302529850832	1.6563262599286774	1.6065439266634054	1.6031473025659382	1.5623453369860925	1.4889902715643968	1.6171525709805743	1.6503535066523827	1.6453585139498117	1.6319878203581157	1.6351618759108706	1.3210819836839203	1.5360535262039203	1.7049621992241613	1.6056163228813056	1.7385952809938532	1.6219254993011494	1.7235035311998992	1.604146201523794	1.5115902243842756	1.427980506391358	1.7222005212273555	1.6880441529309422	1.3919713378602059	0.0	1.5365620803575857	1.7400660469839124	1.392737017311626	1.669897561026413	1.484578974029474	1.2349848273306911
Haerbin	1.5481129347187954	1.212407863187583	1.6407964851783898	1.6195413085209416	1.2040787039019283	1.403322327729727	1.0313591800303734	1.4744602302668035	1.1543172195595552	1.6937508934647543	1.5481450237800711	0.6547991589387931	1.6885270930141223	0.8642834372257241	1.1280828968288459	1.3558035262720929	1.6275160682086507	1.3974930914716865	1.7460201487941887	1.7180917336226305	1.0065862603050029	1.3548317720967233	1.689058185463447	1.62545629647295	1.324842935114071	1.2143450125628354	1.5737512103609115	1.4958444419033736	1.5455331369270233	1.3759308602047668	1.6160298716344295	1.3494694836887708	1.2858505903008788	1.5365620803575857	0.0	1.5901595721207564	1.3074139704887668	1.4380974616491278	1.5045522721016527	1.4868446288429573
Nanning	1.8055205814056765	1.6304332400605164	1.7194609206492832	1.617577749342437	1.7016857702810808	1.7318990088684485	1.6717188411473476	1.462962988965821	1.6047421042113648	1.5402770768004834	1.7339154963972216	1.6427080937207776	1.5931310366295919	1.7537152647025325	1.5144830303816144	1.4222402551461715	1.6875552365348812	1.5571278511931785	1.676306764233498	1.7744104980818531	1.7228347575752176	1.8339661396527411	0.5864257232736202	1.6422973491841568	1.4679190195960161	1.6070620532979012	0.5101215581273055	1.474610765765614	1.8348202243496248	1.698462902304903	1.6898899927553594	1.6858204823475336	1.8170046853163493	1.7400660469839124	1.5901595721207564	0.0	1.5449841387063814	1.7695538824608645	1.6565607109432001	1.729832283086313
Chengdu	1.4051493850180345	1.0981969100655702	1.5619682331599725	1.710343051182483	1.2752658951827835	1.5213294962608614	1.2695275454947477	1.2780125856714712	1.462450771614932	1.5831712988126143	1.5558036556103483	1.3392088169587608	1.4667905655721039	1.4660650850292773	1.2502895063437078	0.8565770636813754	1.5844230338920016	1.2768697621206906	1.7739912335590136	1.5280529553352644	1.355995991243303	1.7366902105462576	1.5475198800944148	1.5247213959904604	1.4533105140003229	0.9942660904493726	1.4989545526954486	1.6142639688122515	1.618224474335801	1.569357591574939	1.6221768604481221	1.6171636856272036	1.6322550108305534	1.392737017311626	1.3074139704887668	1.5449841387063814	0.0	1.4232505749774147	1.0348453372793534	1.4211728100312524
Xiangtan	1.7009648859827458	1.6000079270054948	1.6162905676440258	1.636144347491695	0.7733014726596786	1.7264305368817214	1.3902561981791433	1.6717021705996575	1.6422499699452713	1.7547902875716157	1.5840723891029183	1.5403693182248581	1.627590662147207	1.5439045852445437	1.5778253848612585	1.4113257594701896	1.6487116663197041	1.6499905144155953	1.6032568383939592	1.5447210917991971	1.453782400990144	1.7001615365044125	1.748389878938947	1.7773534636642112	1.5838964320218267	1.415400795574943	1.7495865620503799	1.471130742536932	1.6764616790901563	1.7471902272259197	1.6959153994766447	1.5406949540716255	1.4135378053602823	1.669897561026413	1.4380974616491278	1.7695538824608645	1.4232505749774147	0.0	1.7091695539192477	1.6542493619423944
Kunming	1.5401326541368823	1.395860990895455	1.6433021172478215	1.7087446119166048	1.5282052195434863	1.4804275453903708	1.3617855855343244	1.4171421019864534	1.4000728621169873	1.6492683521440825	1.6163960437890066	1.4741512519729862	1.5897346363911034	1.6950092824033276	1.3556155316271115	1.2588169961032576	1.7150643372730812	1.4133584722805193	1.7648108553912838	1.6290320728740986	1.4773978949320186	1.8199391798101914	1.6839952605749797	1.7343055649759793	1.632610123688284	1.557123673979384	1.6353828035626599	1.7036534066316076	1.5927240125550721	1.5517914953076768	1.5957183291697792	1.7273410857108134	1.6558303292933627	1.484578974029474	1.5045522721016527	1.6565607109432001	1.0348453372793534	1.7091695539192477	0.0	1.62009074442414
Taiyuan	1.563072792271492	1.4717759104912211	1.427531021009059	1.6304164747717753	1.4994450029607431	1.4990239216205712	1.4414576029552653	1.6020732248251923	1.6109212900602106	1.55919932971497	1.6907020711041967	1.5471958343507306	1.6784921106239574	1.5485918676412191	1.4119859426730332	1.460301571368941	1.5869464219806932	1.5832393059709984	1.5410963625772685	1.5036982467349875	1.3044246338931242	1.6053824432089718	1.7212964528509427	1.7709777506734068	1.2779053104619047	1.382232272036416	1.710788708022803	1.6379850869960757	1.541805096928333	1.5663097959806391	1.7263453828260151	1.6485362066036202	1.6966871244500679	1.2349848273306911	1.4868446288429573	1.729832283086313	1.4211728100312524	1.6542493619423944	1.62009074442414	0.0
