	Lanzhou	Yinchuan	Shantou	Tunxi	Changsha	Jinan	Zhengzhou	Xiamen	Xining	Shexian	Suzhou	Beijing	Wenzhou	Tianjin	Wulumuqi	Guiyang	Shanghai	Taibei	Taoyuan	Hangzhou	Xian	Hefei	Guangzhou	Haikou	Meixian	Wuhan	Xianggang	Jianou	Pingyao	Qingdao	Fuzhou	Nanchang	Nanjing	Huhehaote	Haerbin	Nanning	Chengdu	Xiangtan	Kunming	Taiyuan
Lanzhou	0.0	1.5898617511520738	5.271889400921658	4.580645161290322	3.5115207373271886	2.9493087557603683	3.294930875576037	5.32258064516129	3.9769585253456223	4.336405529953917	4.723502304147466	4.290322580645162	4.788018433179723	3.539170506912442	3.1152073732718897	3.7788018433179724	5.018433179723502	5.290322580645161	5.225806451612903	4.847926267281106	3.912442396313364	4.428571428571429	4.875576036866359	5.188940092165899	5.253456221198157	3.953917050691244	4.963133640552995	4.3271889400921655	3.857142857142857	3.4377880184331797	4.861751152073733	5.023041474654377	4.797235023041475	3.672811059907834	3.894009216589862	4.834101382488479	3.5023041474654377	4.046082949308756	4.009216589861751	4.741935483870968
Yinchuan	1.5898617511520738	0.0	4.783410138248848	4.5437788018433185	3.161290322580645	3.023041474654378	2.769585253456221	4.649769585253456	3.4884792626728114	4.511520737327189	4.557603686635945	3.5161290322580645	4.488479262672811	3.1105990783410142	2.442396313364055	3.1797235023041477	4.71889400921659	4.67741935483871	5.0046082949308754	4.755760368663594	3.7880184331797233	4.635944700460829	4.548387096774194	4.894009216589861	4.64516129032258	3.1889400921658986	4.304147465437788	3.847926267281106	3.387096774193548	3.557603686635945	4.092165898617512	4.852534562211982	4.972350230414746	3.9953917050691246	2.9723502304147464	4.165898617511521	2.8018433179723505	3.774193548387097	3.764976958525345	4.580645161290323
Shantou	5.271889400921658	4.783410138248848	0.0	4.368663594470046	4.847926267281106	5.405529953917051	4.8663594470046085	3.161290322580645	4.9308755760368665	4.451612903225806	4.161290322580645	5.147465437788018	5.944700460829493	4.797235023041475	4.769585253456221	4.622119815668203	4.580645161290322	3.2027649769585254	4.6082949308755765	4.465437788018433	4.705069124423963	4.188940092165899	4.055299539170507	4.055299539170507	3.290322580645161	5.682027649769585	4.105990783410138	4.889400921658986	5.078341013824884	5.313364055299539	3.9815668202764973	3.8202764976958528	4.138248847926267	5.202764976958525	4.990783410138249	4.834101382488479	4.631336405529954	4.944700460829493	5.04147465437788	4.023041474654378
Tunxi	4.580645161290322	4.5437788018433185	4.368663594470046	0.0	4.08294930875576	4.4147465437788025	4.3917050691244235	4.686635944700461	4.47926267281106	3.5990783410138247	4.525345622119816	4.216589861751152	4.493087557603687	4.165898617511521	5.018433179723502	4.682027649769585	4.428571428571429	4.907834101382488	4.460829493087558	4.5852534562211975	4.165898617511521	3.7050691244239635	4.451612903225806	4.976958525345623	4.2073732718894	5.364055299539171	4.359447004608295	4.548387096774194	5.506912442396313	4.018433179723502	5.350230414746544	4.138248847926267	4.11520737327189	5.175115207373272	4.488479262672811	4.594470046082949	4.640552995391705	4.092165898617512	4.470046082949309	4.488479262672811
Changsha	3.5115207373271886	3.161290322580645	4.847926267281106	4.08294930875576	0.0	4.516129032258064	3.3179723502304146	4.382488479262673	3.9078341013824884	4.7373271889400925	4.391705069124424	3.207373271889401	4.700460829493087	3.2718894009216593	4.04147465437788	3.175115207373272	4.599078341013825	4.211981566820277	3.7465437788018434	4.35483870967742	2.6267281105990783	4.788018433179724	4.465437788018433	4.788018433179723	4.050691244239632	3.032258064516129	4.470046082949309	3.2534562211981566	4.032258064516129	4.271889400921659	4.626728110599078	4.359447004608295	3.087557603686636	4.612903225806452	2.847926267281106	4.299539170506913	3.414746543778802	1.423963133640553	4.506912442396313	4.350230414746544
Jinan	2.9493087557603683	3.023041474654378	5.405529953917051	4.4147465437788025	4.516129032258064	0.0	3.225806451612903	5.244239631336406	4.258064516129032	4.308755760368664	5.387096774193548	3.8894009216589858	3.797235023041475	3.9539170506912438	3.2304147465437785	4.009216589861751	5.373271889400922	5.511520737327189	5.235023041474655	5.433179723502304	3.5391705069124426	4.6497695852534555	4.857142857142858	5.345622119815668	5.359447004608295	4.423963133640553	4.921658986175116	4.714285714285714	4.599078341013826	1.7465437788018434	5.285714285714286	5.4562211981566815	5.5437788018433185	4.216589861751152	4.129032258064516	4.76036866359447	3.9769585253456223	4.5852534562211975	3.557603686635945	4.7695852534562215
Zhengzhou	3.294930875576037	2.769585253456221	4.8663594470046085	4.3917050691244235	3.3179723502304146	3.225806451612903	0.0	4.4147465437788025	4.050691244239632	4.428571428571429	5.096774193548387	3.119815668202765	5.152073732718894	3.2672811059907834	2.5990783410138247	2.7649769585253456	5.658986175115208	4.709677419354839	4.589861751152074	5.364055299539171	3.5990783410138247	5.119815668202765	4.6082949308755765	4.728110599078342	4.811059907834101	4.124423963133641	4.4562211981566815	3.9308755760368665	4.548387096774194	3.3410138248847927	4.294930875576037	4.525345622119816	4.649769585253456	4.764976958525345	3.248847926267281	4.414746543778802	3.023041474654378	3.460829493087558	3.506912442396313	4.580645161290322
Xiamen	5.32258064516129	4.649769585253456	3.161290322580645	4.686635944700461	4.382488479262673	5.244239631336406	4.4147465437788025	0.0	4.903225806451613	4.580645161290322	4.548387096774193	3.7465437788018434	5.67741935483871	4.253456221198157	4.788018433179724	4.1658986175115205	4.788018433179724	1.7880184331797235	4.046082949308755	5.105990783410139	3.9815668202764978	4.88479262672811	3.8940092165898617	4.124423963133641	3.023041474654378	5.317972350230415	3.686635944700461	4.502304147465438	5.11520737327189	5.216589861751152	4.0691244239631335	3.7142857142857144	4.294930875576037	4.783410138248849	4.124423963133641	3.870967741935484	3.4331797235023043	4.43778801843318	4.193548387096774	4.580645161290322
Xining	3.9769585253456223	3.4884792626728114	4.9308755760368665	4.47926267281106	3.9078341013824884	4.258064516129032	4.050691244239632	4.903225806451613	0.0	4.548387096774194	4.43778801843318	3.861751152073733	5.271889400921658	4.078341013824884	3.71889400921659	3.5299539170506913	4.815668202764977	4.497695852534562	5.059907834101383	4.967741935483871	3.493087557603687	4.631336405529954	5.253456221198157	5.548387096774194	5.009216589861751	4.935483870967742	5.032258064516129	4.474654377880185	5.013824884792626	3.67741935483871	5.497695852534562	4.940092165898617	4.894009216589861	4.746543778801843	3.3364055299539173	4.67741935483871	4.0691244239631335	4.161290322580645	3.442396313364055	5.0691244239631335
Shexian	4.336405529953917	4.511520737327189	4.451612903225806	3.5990783410138247	4.7373271889400925	4.308755760368664	4.428571428571429	4.580645161290322	4.548387096774194	0.0	4.889400921658986	4.990783410138249	4.8663594470046085	4.4792626728110605	4.820276497695852	4.161290322580645	4.460829493087558	4.571428571428571	4.626728110599078	4.921658986175116	3.6497695852534564	4.188940092165899	5.0368663594470044	5.76036866359447	5.073732718894009	5.488479262672811	5.059907834101383	4.875576036866359	5.105990783410139	4.488479262672811	4.935483870967742	4.460829493087557	4.663594470046083	4.216589861751152	5.170506912442397	4.658986175115207	4.534562211981567	4.778801843317972	4.225806451612904	4.534562211981568
Suzhou	4.723502304147466	4.557603686635945	4.161290322580645	4.525345622119816	4.391705069124424	5.387096774193548	5.096774193548387	4.548387096774193	4.43778801843318	4.889400921658986	0.0	4.917050691244239	5.387096774193548	5.082949308755761	5.11520737327189	4.76036866359447	2.193548387096774	4.5207373271889395	5.064516129032258	2.741935483870968	5.08294930875576	3.608294930875576	4.336405529953917	5.023041474654378	3.861751152073733	5.0	4.202764976958525	5.0368663594470044	4.216589861751152	5.023041474654378	4.396313364055299	3.377880184331797	3.6820276497695854	4.631336405529954	4.705069124423963	4.972350230414746	4.912442396313365	4.557603686635945	4.907834101382488	3.953917050691244
Beijing	4.290322580645162	3.5161290322580645	5.147465437788018	4.216589861751152	3.207373271889401	3.8894009216589858	3.119815668202765	3.7465437788018434	3.861751152073733	4.990783410138249	4.917050691244239	0.0	5.032258064516129	2.1474654377880187	3.7142857142857144	3.8755760368663594	5.211981566820277	4.225806451612903	4.714285714285714	5.359447004608295	3.0829493087557607	4.359447004608295	4.820276497695852	4.7373271889400925	4.2626728110599075	4.082949308755761	4.56221198156682	3.9723502304147464	4.935483870967742	3.391705069124424	5.105990783410139	3.8525345622119818	3.6036866359447	4.603686635944701	1.2488479262672811	4.364055299539171	3.1797235023041477	3.5529953917050694	3.894009216589862	4.566820276497696
Wenzhou	4.788018433179723	4.488479262672811	5.944700460829493	4.493087557603687	4.700460829493087	3.797235023041475	5.152073732718894	5.67741935483871	5.271889400921658	4.8663594470046085	5.387096774193548	5.032258064516129	0.0	5.271889400921658	4.433179723502304	4.967741935483871	5.0691244239631335	6.064516129032258	5.483870967741936	5.640552995391705	5.032258064516129	5.741935483870968	4.870967741935484	5.4147465437788025	5.589861751152074	4.400921658986175	4.935483870967742	5.087557603686636	5.419354838709678	4.626728110599078	5.6036866359447	6.1981566820276495	5.9953917050691246	4.857142857142858	5.152073732718894	4.67741935483871	4.875576036866359	4.599078341013825	4.76036866359447	5.769585253456221
Tianjin	3.539170506912442	3.1105990783410142	4.797235023041475	4.165898617511521	3.2718894009216593	3.9539170506912438	3.2672811059907834	4.253456221198157	4.078341013824884	4.4792626728110605	5.082949308755761	2.1474654377880187	5.271889400921658	0.0	3.47926267281106	3.751152073732719	5.105990783410139	4.276497695852534	4.3271889400921655	5.235023041474655	2.6313364055299537	3.6497695852534564	4.6728110599078345	4.907834101382488	4.188940092165899	4.221198156682028	4.663594470046083	4.110599078341014	4.248847926267281	3.6267281105990783	5.101382488479263	3.7788018433179724	3.6820276497695854	4.1981566820276495	1.8202764976958525	4.658986175115207	3.387096774193548	3.5207373271889404	4.626728110599078	4.258064516129032
Wulumuqi	3.1152073732718897	2.442396313364055	4.769585253456221	5.018433179723502	4.04147465437788	3.2304147465437785	2.5990783410138247	4.788018433179724	3.71889400921659	4.820276497695852	5.11520737327189	3.7142857142857144	4.433179723502304	3.47926267281106	0.0	2.345622119815668	5.682027649769585	4.84331797235023	4.976958525345622	5.571428571428571	4.064516129032258	5.442396313364055	4.599078341013825	5.221198156682028	4.566820276497696	3.3087557603686637	4.368663594470046	4.313364055299539	4.963133640552995	3.9723502304147464	4.548387096774194	4.958525345622119	5.248847926267281	4.506912442396313	3.327188940092166	4.179723502304148	2.976958525345622	4.165898617511521	3.5668202764976957	4.7373271889400925
Guiyang	3.7788018433179724	3.1797235023041477	4.622119815668203	4.682027649769585	3.175115207373272	4.009216589861751	2.7649769585253456	4.1658986175115205	3.5299539170506913	4.161290322580645	4.76036866359447	3.8755760368663594	4.967741935483871	3.751152073732719	2.345622119815668	0.0	5.373271889400922	4.11520737327189	4.308755760368664	4.875576036866359	3.4009216589861753	5.460829493087558	4.193548387096774	5.0046082949308754	3.824884792626728	3.2857142857142856	4.055299539170507	3.7972350230414746	5.027649769585253	4.32258064516129	4.709677419354838	4.552995391705069	4.829493087557603	4.732718894009217	3.3917050691244244	3.8202764976958523	1.4930875576036868	3.225806451612903	2.8940092165898617	4.447004608294931
Shanghai	5.018433179723502	4.71889400921659	4.580645161290322	4.428571428571429	4.599078341013825	5.373271889400922	5.658986175115208	4.788018433179724	4.815668202764977	4.460829493087558	2.193548387096774	5.211981566820277	5.0691244239631335	5.105990783410139	5.682027649769585	5.373271889400922	0.0	4.764976958525345	5.15668202764977	2.4792626728110596	4.847926267281106	3.539170506912442	3.6359447004608296	4.543778801843318	4.142857142857142	5.359447004608295	3.8663594470046085	4.880184331797235	3.7880184331797233	5.0691244239631335	4.940092165898617	3.32258064516129	3.539170506912442	4.350230414746544	5.105990783410139	4.626728110599078	5.0046082949308754	4.792626728110599	5.248847926267281	3.5345622119815667
Taibei	5.290322580645161	4.67741935483871	3.2027649769585254	4.907834101382488	4.211981566820277	5.511520737327189	4.709677419354839	1.7880184331797235	4.497695852534562	4.571428571428571	4.5207373271889395	4.225806451612903	6.064516129032258	4.276497695852534	4.84331797235023	4.11520737327189	4.764976958525345	0.0	3.7235023041474653	5.032258064516129	3.8294930875576036	5.105990783410139	4.3271889400921655	4.700460829493087	3.525345622119816	5.147465437788018	4.15668202764977	4.433179723502304	4.631336405529954	5.267281105990784	4.368663594470046	4.2626728110599075	4.193548387096774	4.64516129032258	4.105990783410139	3.8986175115207375	3.7557603686635943	4.359447004608295	4.506912442396313	4.423963133640553
Taoyuan	5.225806451612903	5.0046082949308754	4.6082949308755765	4.460829493087558	3.7465437788018434	5.235023041474655	4.589861751152074	4.046082949308755	5.059907834101383	4.626728110599078	5.064516129032258	4.714285714285714	5.483870967741936	4.3271889400921655	4.976958525345622	4.308755760368664	5.15668202764977	3.7235023041474653	0.0	5.050691244239632	3.8202764976958523	5.041474654377881	4.092165898617512	4.433179723502304	2.313364055299539	4.981566820276498	3.935483870967742	4.04147465437788	4.571428571428571	4.6728110599078345	4.7373271889400925	4.589861751152074	4.087557603686636	4.649769585253456	4.497695852534562	3.391705069124424	4.6082949308755765	3.847926267281106	5.142857142857142	4.105990783410139
Hangzhou	4.847926267281106	4.755760368663594	4.465437788018433	4.5852534562211975	4.35483870967742	5.433179723502304	5.364055299539171	5.105990783410139	4.967741935483871	4.921658986175116	2.741935483870968	5.359447004608295	5.640552995391705	5.235023041474655	5.571428571428571	4.875576036866359	2.4792626728110596	5.032258064516129	5.050691244239632	0.0	4.903225806451612	3.774193548387097	4.488479262672811	4.797235023041475	4.3271889400921655	4.723502304147466	4.525345622119816	5.566820276497696	4.193548387096774	5.064516129032258	5.161290322580645	3.71889400921659	3.5852534562211984	4.506912442396313	5.129032258064516	5.331797235023041	4.663594470046084	4.576036866359447	5.092165898617512	3.576036866359447
Xian	3.912442396313364	3.7880184331797233	4.705069124423963	4.165898617511521	2.6267281105990783	3.5391705069124426	3.5990783410138247	3.9815668202764978	3.493087557603687	3.6497695852534564	5.08294930875576	3.0829493087557607	5.032258064516129	2.6313364055299537	4.064516129032258	3.4009216589861753	4.847926267281106	3.8294930875576036	3.8202764976958523	4.903225806451612	0.0	4.52073732718894	4.686635944700461	5.041474654377881	4.364055299539171	3.912442396313364	4.728110599078341	3.774193548387097	4.179723502304148	3.6589861751152073	5.382488479262673	4.428571428571429	3.571428571428571	3.5944700460829493	2.6912442396313363	4.599078341013825	3.5529953917050694	3.354838709677419	3.783410138248848	3.3410138248847927
Hefei	4.428571428571429	4.635944700460829	4.188940092165899	3.7050691244239635	4.788018433179724	4.6497695852534555	5.119815668202765	4.88479262672811	4.631336405529954	4.188940092165899	3.608294930875576	4.359447004608295	5.741935483870968	3.6497695852534564	5.442396313364055	5.460829493087558	3.539170506912442	5.105990783410139	5.041474654377881	3.774193548387097	4.52073732718894	0.0	4.534562211981567	4.9953917050691246	3.9262672811059907	5.9308755760368665	4.557603686635945	5.175115207373272	4.6082949308755765	4.105990783410139	5.041474654377881	3.3870967741935485	3.0046082949308754	3.8986175115207375	4.317972350230415	5.341013824884793	5.101382488479263	4.9308755760368665	5.4147465437788025	3.216589861751152
Guangzhou	4.875576036866359	4.548387096774194	4.055299539170507	4.451612903225806	4.465437788018433	4.857142857142858	4.6082949308755765	3.8940092165898617	5.253456221198157	5.0368663594470044	4.336405529953917	4.820276497695852	4.870967741935484	4.6728110599078345	4.599078341013825	4.193548387096774	3.6359447004608296	4.3271889400921655	4.092165898617512	4.488479262672811	4.686635944700461	4.534562211981567	0.0	3.571428571428571	2.990783410138249	4.958525345622119	0.37788018433179726	4.073732718894009	5.23963133640553	4.797235023041475	4.751152073732719	3.654377880184332	4.046082949308756	4.723502304147465	4.576036866359447	1.4562211981566822	4.023041474654377	4.377880184331797	4.940092165898617	4.345622119815668
Haikou	5.188940092165899	4.894009216589861	4.055299539170507	4.976958525345623	4.788018433179723	5.345622119815668	4.728110599078342	4.124423963133641	5.548387096774194	5.76036866359447	5.023041474654378	4.7373271889400925	5.4147465437788025	4.907834101382488	5.221198156682028	5.0046082949308754	4.543778801843318	4.700460829493087	4.433179723502304	4.797235023041475	5.041474654377881	4.9953917050691246	3.571428571428571	0.0	4.0046082949308754	5.313364055299539	3.7465437788018434	4.594470046082949	5.170506912442397	4.861751152073733	5.313364055299539	4.28110599078341	4.276497695852535	5.124423963133641	4.741935483870968	4.225806451612903	4.341013824884793	4.8018433179723505	5.419354838709678	4.746543778801843
Meixian	5.253456221198157	4.64516129032258	3.290322580645161	4.2073732718894	4.050691244239632	5.359447004608295	4.811059907834101	3.023041474654378	5.009216589861751	5.073732718894009	3.861751152073733	4.2626728110599075	5.589861751152074	4.188940092165899	4.566820276497696	3.824884792626728	4.142857142857142	3.525345622119816	2.313364055299539	4.3271889400921655	4.364055299539171	3.9262672811059907	2.990783410138249	4.0046082949308754	0.0	4.898617511520737	2.7327188940092166	4.188940092165899	5.345622119815668	4.907834101382488	4.331797235023042	3.4470046082949306	3.7096774193548385	4.912442396313364	3.8986175115207375	3.3732718894009217	3.8433179723502304	4.0	4.907834101382488	3.410138248847926
Wuhan	3.953917050691244	3.1889400921658986	5.682027649769585	5.364055299539171	3.032258064516129	4.423963133640553	4.124423963133641	5.317972350230415	4.935483870967742	5.488479262672811	5.0	4.082949308755761	4.400921658986175	4.221198156682028	3.3087557603686637	3.2857142857142856	5.359447004608295	5.147465437788018	4.981566820276498	4.723502304147466	3.912442396313364	5.9308755760368665	4.958525345622119	5.313364055299539	4.898617511520737	0.0	4.820276497695852	4.502304147465438	4.211981566820277	5.253456221198157	5.32258064516129	5.248847926267281	4.926267281105991	5.147465437788018	3.5023041474654377	4.64516129032258	3.3548387096774195	3.6912442396313363	5.15668202764977	4.797235023041475
Xianggang	4.963133640552995	4.304147465437788	4.105990783410138	4.359447004608295	4.470046082949309	4.921658986175116	4.4562211981566815	3.686635944700461	5.032258064516129	5.059907834101383	4.202764976958525	4.56221198156682	4.935483870967742	4.663594470046083	4.368663594470046	4.055299539170507	3.8663594470046085	4.15668202764977	3.935483870967742	4.525345622119816	4.728110599078341	4.557603686635945	0.37788018433179726	3.7465437788018434	2.7327188940092166	4.820276497695852	0.0	4.082949308755761	5.244239631336406	4.870967741935484	4.548387096774194	3.640552995391705	4.105990783410139	4.824884792626728	4.32258064516129	1.2857142857142858	3.870967741935484	4.368663594470046	4.847926267281106	4.28110599078341
Jianou	4.3271889400921655	3.847926267281106	4.889400921658986	4.548387096774194	3.2534562211981566	4.714285714285714	3.9308755760368665	4.502304147465438	4.474654377880185	4.875576036866359	5.0368663594470044	3.9723502304147464	5.087557603686636	4.110599078341014	4.313364055299539	3.7972350230414746	4.880184331797235	4.433179723502304	4.04147465437788	5.566820276497696	3.774193548387097	5.175115207373272	4.073732718894009	4.594470046082949	4.188940092165899	4.502304147465438	4.082949308755761	0.0	4.612903225806452	4.331797235023041	4.175115207373272	4.88479262672811	4.391705069124424	4.635944700460829	3.8433179723502304	3.935483870967742	3.95852534562212	3.4976958525345623	4.700460829493087	4.829493087557603
Pingyao	3.857142857142857	3.387096774193548	5.078341013824884	5.506912442396313	4.032258064516129	4.599078341013826	4.548387096774194	5.11520737327189	5.013824884792626	5.105990783410139	4.216589861751152	4.935483870967742	5.419354838709678	4.248847926267281	4.963133640552995	5.027649769585253	3.7880184331797233	4.631336405529954	4.571428571428571	4.193548387096774	4.179723502304148	4.6082949308755765	5.23963133640553	5.170506912442397	5.345622119815668	4.211981566820277	5.244239631336406	4.612903225806452	0.0	4.824884792626728	4.525345622119815	4.76036866359447	4.248847926267281	3.5161290322580645	4.483870967741936	5.267281105990783	4.728110599078341	4.488479262672811	5.175115207373272	3.7557603686635943
Qingdao	3.4377880184331797	3.557603686635945	5.313364055299539	4.018433179723502	4.271889400921659	1.7465437788018434	3.3410138248847927	5.216589861751152	3.67741935483871	4.488479262672811	5.023041474654378	3.391705069124424	4.626728110599078	3.6267281105990783	3.9723502304147464	4.32258064516129	5.0691244239631335	5.267281105990784	4.6728110599078345	5.064516129032258	3.6589861751152073	4.105990783410139	4.797235023041475	4.861751152073733	4.907834101382488	5.253456221198157	4.870967741935484	4.331797235023041	4.824884792626728	0.0	5.410138248847926	5.2073732718894	4.9308755760368665	3.686635944700461	3.8248847926267278	4.585253456221198	4.009216589861751	4.368663594470046	3.585253456221198	4.373271889400922
Fuzhou	4.861751152073733	4.092165898617512	3.9815668202764973	5.350230414746544	4.626728110599078	5.285714285714286	4.294930875576037	4.0691244239631335	5.497695852534562	4.935483870967742	4.396313364055299	5.105990783410139	5.6036866359447	5.101382488479263	4.548387096774194	4.709677419354838	4.940092165898617	4.368663594470046	4.7373271889400925	5.161290322580645	5.382488479262673	5.041474654377881	4.751152073732719	5.313364055299539	4.331797235023042	5.32258064516129	4.548387096774194	4.175115207373272	4.525345622119815	5.410138248847926	0.0	4.400921658986175	4.6728110599078345	5.15668202764977	5.15668202764977	4.847926267281106	5.138248847926267	4.972350230414746	5.313364055299539	4.976958525345623
Nanchang	5.023041474654377	4.852534562211982	3.8202764976958528	4.138248847926267	4.359447004608295	5.4562211981566815	4.525345622119816	3.7142857142857144	4.940092165898617	4.460829493087557	3.377880184331797	3.8525345622119818	6.1981566820276495	3.7788018433179724	4.958525345622119	4.552995391705069	3.32258064516129	4.2626728110599075	4.589861751152074	3.71889400921659	4.428571428571429	3.3870967741935485	3.654377880184332	4.28110599078341	3.4470046082949306	5.248847926267281	3.640552995391705	4.88479262672811	4.76036866359447	5.2073732718894	4.400921658986175	0.0	2.576036866359447	4.84331797235023	3.8248847926267278	4.465437788018433	4.400921658986175	4.211981566820277	5.359447004608295	3.9400921658986174
Nanjing	4.797235023041475	4.972350230414746	4.138248847926267	4.11520737327189	3.087557603686636	5.5437788018433185	4.649769585253456	4.294930875576037	4.894009216589861	4.663594470046083	3.6820276497695854	3.6036866359447	5.9953917050691246	3.6820276497695854	5.248847926267281	4.829493087557603	3.539170506912442	4.193548387096774	4.087557603686636	3.5852534562211984	3.571428571428571	3.0046082949308754	4.046082949308756	4.276497695852535	3.7096774193548385	4.926267281105991	4.105990783410139	4.391705069124424	4.248847926267281	4.9308755760368665	4.6728110599078345	2.576036866359447	0.0	4.175115207373272	3.5023041474654377	4.847926267281106	4.71889400921659	3.686635944700461	5.470046082949309	3.640552995391705
Huhehaote	3.672811059907834	3.9953917050691246	5.202764976958525	5.175115207373272	4.612903225806452	4.216589861751152	4.764976958525345	4.783410138248849	4.746543778801843	4.216589861751152	4.631336405529954	4.603686635944701	4.857142857142858	4.1981566820276495	4.506912442396313	4.732718894009217	4.350230414746544	4.64516129032258	4.649769585253456	4.506912442396313	3.5944700460829493	3.8986175115207375	4.723502304147465	5.124423963133641	4.912442396313364	5.147465437788018	4.824884792626728	4.635944700460829	3.5161290322580645	3.686635944700461	5.15668202764977	4.84331797235023	4.175115207373272	0.0	4.6082949308755765	4.709677419354838	4.161290322580645	4.820276497695852	4.147465437788019	2.824884792626728
Haerbin	3.894009216589862	2.9723502304147464	4.990783410138249	4.488479262672811	2.847926267281106	4.129032258064516	3.248847926267281	4.124423963133641	3.3364055299539173	5.170506912442397	4.705069124423963	1.2488479262672811	5.152073732718894	1.8202764976958525	3.327188940092166	3.3917050691244244	5.105990783410139	4.105990783410139	4.497695852534562	5.129032258064516	2.6912442396313363	4.317972350230415	4.576036866359447	4.741935483870968	3.8986175115207375	3.5023041474654377	4.32258064516129	3.8433179723502304	4.483870967741936	3.8248847926267278	5.15668202764977	3.8248847926267278	3.5023041474654377	4.6082949308755765	0.0	4.152073732718894	3.2949308755760365	3.32258064516129	4.474654377880184	4.354838709677419
Nanning	4.834101382488479	4.165898617511521	4.834101382488479	4.594470046082949	4.299539170506913	4.76036866359447	4.414746543778802	3.870967741935484	4.67741935483871	4.658986175115207	4.972350230414746	4.364055299539171	4.67741935483871	4.658986175115207	4.179723502304148	3.8202764976958523	4.626728110599078	3.8986175115207375	3.391705069124424	5.331797235023041	4.599078341013825	5.341013824884793	1.4562211981566822	4.225806451612903	3.3732718894009217	4.64516129032258	1.2857142857142858	3.935483870967742	5.267281105990783	4.585253456221198	4.847926267281106	4.465437788018433	4.847926267281106	4.709677419354838	4.152073732718894	0.0	3.7004608294930876	4.184331797235023	4.603686635944701	4.857142857142858
Chengdu	3.5023041474654377	2.8018433179723505	4.631336405529954	4.640552995391705	3.414746543778802	3.9769585253456223	3.023041474654378	3.4331797235023043	4.0691244239631335	4.534562211981567	4.912442396313365	3.1797235023041477	4.875576036866359	3.387096774193548	2.976958525345622	1.4930875576036868	5.0046082949308754	3.7557603686635943	4.6082949308755765	4.663594470046084	3.5529953917050694	5.101382488479263	4.023041474654377	4.341013824884793	3.8433179723502304	3.3548387096774195	3.870967741935484	3.95852534562212	4.728110599078341	4.009216589861751	5.138248847926267	4.400921658986175	4.71889400921659	4.161290322580645	3.2949308755760365	3.7004608294930876	0.0	3.4654377880184333	2.6635944700460827	3.967741935483871
Xiangtan	4.046082949308756	3.774193548387097	4.944700460829493	4.092165898617512	1.423963133640553	4.5852534562211975	3.460829493087558	4.43778801843318	4.161290322580645	4.778801843317972	4.557603686635945	3.5529953917050694	4.599078341013825	3.5207373271889404	4.165898617511521	3.225806451612903	4.792626728110599	4.359447004608295	3.847926267281106	4.576036866359447	3.354838709677419	4.9308755760368665	4.377880184331797	4.8018433179723505	4.0	3.6912442396313363	4.368663594470046	3.4976958525345623	4.488479262672811	4.368663594470046	4.972350230414746	4.211981566820277	3.686635944700461	4.820276497695852	3.32258064516129	4.184331797235023	3.4654377880184333	0.0	4.539170506912442	4.488479262672811
Kunming	4.009216589861751	3.764976958525345	5.04147465437788	4.470046082949309	4.506912442396313	3.557603686635945	3.506912442396313	4.193548387096774	3.442396313364055	4.225806451612904	4.907834101382488	3.894009216589862	4.76036866359447	4.626728110599078	3.5668202764976957	2.8940092165898617	5.248847926267281	4.506912442396313	5.142857142857142	5.092165898617512	3.783410138248848	5.4147465437788025	4.940092165898617	5.419354838709678	4.907834101382488	5.15668202764977	4.847926267281106	4.700460829493087	5.175115207373272	3.585253456221198	5.313364055299539	5.359447004608295	5.470046082949309	4.147465437788019	4.474654377880184	4.603686635944701	2.6635944700460827	4.539170506912442	0.0	4.695852534562212
Taiyuan	4.741935483870968	4.580645161290323	4.023041474654378	4.488479262672811	4.350230414746544	4.7695852534562215	4.580645161290322	4.580645161290322	5.0691244239631335	4.534562211981568	3.953917050691244	4.566820276497696	5.769585253456221	4.258064516129032	4.7373271889400925	4.447004608294931	3.5345622119815667	4.423963133640553	4.105990783410139	3.576036866359447	3.3410138248847927	3.216589861751152	4.345622119815668	4.746543778801843	3.410138248847926	4.797235023041475	4.28110599078341	4.829493087557603	3.7557603686635943	4.373271889400922	4.976958525345623	3.9400921658986174	3.640552995391705	2.824884792626728	4.354838709677419	4.857142857142858	3.967741935483871	4.488479262672811	4.695852534562212	0.0
