	Lanzhou	Yinchuan	Shantou	Tunxi	Changsha	Jinan	Zhengzhou	Xiamen	Xining	Shexian	Suzhou	Beijing	Wenzhou	Tianjin	Wulumuqi	Guiyang	Shanghai	Taibei	Taoyuan	Hangzhou	Xian	Hefei	Guangzhou	Haikou	Meixian	Wuhan	Xianggang	Jianou	Pingyao	Qingdao	Fuzhou	Nanchang	Nanjing	Huhehaote	Haerbin	Nanning	Chengdu	Xiangtan	Kunming	Taiyuan
Lanzhou	0.0	1.1512207783739055	2.085148221189754	2.1174549040477553	1.6694740113523148	1.1288480773391845	1.3431404495030745	2.101293357584958	1.799422276646676	1.8393023005051896	2.0712397123403017	1.6362814081511061	2.0052891845812573	1.7296518850855507	1.5292560091693408	1.900412646802619	2.13325947001047	2.115870940209333	2.566029413277854	2.0171836980738065	1.7566601341238253	1.9187348878213315	2.1544795452033414	2.2259527915713786	2.337418523987298	1.805052076653749	2.2322652246794275	1.9921952921642179	1.8319873737700054	1.4659608801602915	1.9800597091732228	2.1870647346642462	1.9029469271197201	1.3985361302532644	1.7820072443275892	2.209551770534154	1.6502927256839766	2.1464181958091766	1.6255424455441176	1.8871758362261297
Yinchuan	1.1512207783739055	0.0	2.251379229141916	2.5077049320520635	1.711047933945199	1.2462112914543648	1.198144992081303	2.227951989139796	1.9745112304835764	2.0697121840956694	2.4216405161831185	1.3315301619773523	2.183177391956111	1.5428019231714982	1.284278390448423	1.844085864531309	2.4064028704696963	2.204648548315252	2.845773887704807	2.3598993782116238	1.8871350834623724	2.312733609488199	2.3344791747342484	2.554896390485837	2.397578236762529	1.667082407556805	2.268001189354191	2.1028235765233063	2.010552405723064	1.8049212944898647	1.9612262086677816	2.462821921680486	2.0745930040702207	1.862561029366037	1.4559500763895592	2.2747038012570564	1.535352718965028	2.350462428689789	1.7664385452560802	1.991200806439552
Shantou	2.085148221189754	2.251379229141916	0.0	1.7733198124515108	1.8026946260889398	1.8801678870681942	1.6533185436514664	1.1145653688067065	2.0054632300083237	1.5432169072280018	1.9823573520021647	1.9034722799814179	1.78316167024012	1.7887454610845366	1.71991254331182	1.6593861998432375	2.0055593897165123	0.9990664956426859	1.7111919780012999	1.9128132347425453	1.7430395066573574	2.0090626568542693	1.7125162205719011	1.6398572449129858	1.2471258122263735	1.8544524883740445	1.7666331684633114	1.6537319191238935	1.951630022822978	2.0851627300737565	1.2913044411765489	1.7727365062193212	1.8933264608256204	1.9872872437916846	1.9094485330585282	1.7657950897471535	1.7473393523460132	1.9560626902424354	2.0323455943366717	1.627377184024628
Tunxi	2.1174549040477553	2.5077049320520635	1.7733198124515108	0.0	1.6930305472751372	1.9449871940613839	1.717241783269303	1.8452260494872021	1.9886080822565484	1.413893342188744	1.8531608189579778	1.7611931532947613	1.7668214911640008	1.730752217685748	1.9428949081068998	1.912009044312241	1.8421212698638578	1.8448929026102294	1.9642160595600924	1.713577306127453	1.8122099071032693	1.7786164711882648	1.998226553420459	2.0788912341450216	1.8688141478417828	1.9778464321553166	1.970466081560561	1.8573468647966362	2.2643004930577817	1.960274418527559	1.9583263781949172	1.491445388415027	1.6938334545795206	1.9765205053286334	1.8825923622512426	1.9488952126287389	1.9595342434123695	1.808801932344422	2.000657586569449	1.9126880317071673
Changsha	1.6694740113523148	1.711047933945199	1.8026946260889398	1.6930305472751372	0.0	1.7765666740266217	1.2481077609615354	1.6388318987318748	1.7708332132956173	1.70935769940248	1.7114310463661602	1.1861745685719565	1.7055662372995557	1.3124577306258396	1.56358049898623	1.3707538129406418	1.7258343199842285	1.6136411524368626	1.8267705910123846	1.5909774522322393	1.239567123365393	1.8701587172664589	1.8841570427626229	1.9676098648665947	1.629544442611496	1.2025406837615158	1.9069732912450958	1.525441561628143	1.6994439925684488	1.9317137547578136	1.7344802820046237	1.648579447547739	1.1333001812031644	1.6741967759165124	1.2350075255243915	1.9171876787750963	1.3037247103241445	0.9637519069817249	1.7436902772136844	1.594219606831079
Jinan	1.1288480773391845	1.2462112914543648	1.8801678870681942	1.9449871940613839	1.7765666740266217	0.0	1.1709453623793031	1.9245161119666339	1.5248766654623211	1.6742649406180692	2.1581776073747343	1.3601071973111503	1.734855216962321	1.5546610805354137	1.23849200319609	1.593636277614797	2.1727954763718387	1.958274437734056	2.344202122942791	2.003218349153068	1.1780178375218038	1.80887496760701	2.006801846587635	2.316146071724766	2.0821158973096345	1.7690264976460064	2.0216242536470195	1.930114951332245	1.8825487336194362	0.7848168571863677	1.9375270540605016	2.0226069664763946	1.7656719758599717	1.600270992555917	1.472613110365033	2.0050446408477147	1.6649451969653932	2.112342830009908	1.4793881496547672	1.6020470958385995
Zhengzhou	1.3431404495030745	1.198144992081303	1.6533185436514664	1.717241783269303	1.2481077609615354	1.1709453623793031	0.0	1.656344773564252	1.5015033621198688	1.6119686046926909	1.9019614587885045	0.8897289376494735	1.8905668885315876	1.2005011399195116	0.9763867309654691	1.1137092030620521	1.9896221004986185	1.6446323070747229	2.024459527411222	1.8786949564579958	1.2151471728986132	1.6449263399296403	1.7722351712812603	1.8937857884712375	1.7536093026386306	1.3648454025935102	1.7574636561390575	1.5049251603688154	1.6786099500556158	1.4201294112551235	1.5366335716775559	1.5650256998308985	1.4393535214642554	1.7085467235405538	0.88682669266874	1.7752008146997746	1.243508357857719	1.6097375520851558	1.3357754985729138	1.5759045375420384
Xiamen	2.101293357584958	2.227951989139796	1.1145653688067065	1.8452260494872021	1.6388318987318748	1.9245161119666339	1.656344773564252	0.0	1.970553538029065	1.7716541188572212	1.9659223655030846	1.578913519896203	1.8098234180632242	1.6821835997274937	1.720303538302547	1.6307201139019913	2.0716658442094102	0.5970691683989618	1.709258437301938	2.062899441304118	1.6914159599219043	2.2076862103624917	1.472619151126366	1.6849146387578027	1.2169222715071117	1.7996587903465484	1.4086209554861862	1.6547828572197387	2.030027326854739	2.149259693378699	1.2302930868639366	1.6142991595595344	1.945583617729114	1.8579017492347276	1.7414568124616365	1.4181376611548258	1.5621642443418629	1.8923744922714532	1.8420802983090976	1.922755039675653
Xining	1.799422276646676	1.9745112304835764	2.0054632300083237	1.9886080822565484	1.7708332132956173	1.5248766654623211	1.5015033621198688	1.970553538029065	0.0	1.8729424928250107	1.9401238168681878	1.5957639423869385	2.204895313573668	1.8015669504196687	1.5337866885158604	1.7843930983367078	2.07262805408529	1.8710728451189769	2.433324107980974	2.017404220386317	1.5021714051089319	1.9854210842147682	2.1377605329414306	2.3614108328244847	2.2180400852267566	1.9888144561080625	2.089270775932189	1.9475224391095813	2.073487647558732	1.580572309474148	2.014492370159255	1.8559970301567068	1.9185648458982216	1.7593625275424514	1.6051756976125757	2.0175948549547114	1.9156643397275692	2.1152151751318136	1.7976593665254685	2.0596771680472026
Shexian	1.8393023005051896	2.0697121840956694	1.5432169072280018	1.413893342188744	1.70935769940248	1.6742649406180692	1.6119686046926909	1.7716541188572212	1.8729424928250107	0.0	2.0185412825895255	1.8976378343030627	1.67803165929303	1.640491268375535	1.691571504043237	1.4570592482528306	1.8103830233009182	1.7128693567463893	1.8850755981126033	1.810690180763407	1.4915452399079234	1.8334224935714536	1.843499029578025	2.1847470811719307	1.7681343732190287	1.7525629436042165	1.9060272039891628	1.7682271423543345	2.007442495569379	1.913336002247494	1.7278626451826842	1.5535244558796832	1.7645401776698455	1.6622048265409006	1.9513801294300708	1.8251025709660649	1.6576748357803992	1.9274250036763512	1.8152067871511974	1.5967855233666515
Suzhou	2.0712397123403017	2.4216405161831185	1.9823573520021647	1.8531608189579778	1.7114310463661602	2.1581776073747343	1.9019614587885045	1.9659223655030846	1.9401238168681878	2.0185412825895255	0.0	1.8069919150682456	1.5292510386476255	1.9581709039476598	2.0015556379604487	1.9152381492391757	0.8779158693299836	1.7928307341698406	2.201577007017737	1.1425166240571536	2.156053564306694	1.8477484554964367	2.039471418589159	1.9188114208115856	2.0089392133532864	1.8891028686987152	2.036541604104023	1.9873932136626022	1.9082128769139413	2.1722149264429267	1.8078749974290165	1.5276002667313286	1.70575142142795	1.7943655552754458	1.916981510440137	2.073942124335862	1.8055145665757133	1.7622617499219113	1.988050068490188	1.9149764501775628
Beijing	1.6362814081511061	1.3315301619773523	1.9034722799814179	1.7611931532947613	1.1861745685719565	1.3601071973111503	0.8897289376494735	1.578913519896203	1.5957639423869385	1.8976378343030627	1.8069919150682456	0.0	1.9662825423630255	0.8740988986164568	1.1542145678578521	1.5087860155869062	1.9794364333007874	1.7056338352487128	2.1891420454893042	1.9420444519408901	1.1757447606926439	1.5592790698996515	2.0610472297524085	2.0502933924475535	1.8197476802433765	1.3039401930401135	1.9892649809870624	1.6938813401447363	1.8244494637864768	1.5890497011886908	1.7696068329509147	1.4826308498195147	1.2819948882009111	1.7510090607337399	0.4299411291991776	1.9773444662941762	1.435445442123338	1.6587698028805022	1.5282970265513334	1.7257875994880807
Wenzhou	2.0052891845812573	2.183177391956111	1.78316167024012	1.7668214911640008	1.7055662372995557	1.734855216962321	1.8905668885315876	1.8098234180632242	2.204895313573668	1.67803165929303	1.5292510386476255	1.9662825423630255	0.0	1.9548615321567502	1.6504794400999874	1.7216627709396195	1.3318438833660013	1.8587781391517433	2.0995806703638387	1.4852957072028539	1.8697296548382893	2.350114159484123	1.6608456089723762	1.965847893151449	1.8630596237159431	1.6841283559618698	1.729734308032781	1.9262953995245704	1.9795990454694237	2.101798339273884	1.8161282345858663	1.982649993971049	2.1330385875028806	1.7601664702169486	2.057151183567645	1.7463415949605474	1.6264963811589306	1.7540854783653108	1.813561163530783	1.7835372990950105
Tianjin	1.7296518850855507	1.5428019231714982	1.7887454610845366	1.730752217685748	1.3124577306258396	1.5546610805354137	1.2005011399195116	1.6821835997274937	1.8015669504196687	1.640491268375535	1.9581709039476598	0.8740988986164568	1.9548615321567502	0.0	1.2922389264993241	1.5695366715432324	1.990182254721685	1.6649616832566525	1.8539675608122124	1.9334096903544418	1.1182830826669679	1.4819247990317554	1.9966566479486596	2.032503231069403	1.701613789840953	1.3722472030867912	2.009336372263862	1.782800469867995	1.6301452364791742	1.785548741153677	1.7930840060617927	1.4677518912453453	1.1829981035379336	1.6618248943438663	0.8247516812322417	2.030802449374841	1.4776204214281385	1.6406191269495394	1.9011461197434485	1.594013472743711
Wulumuqi	1.5292560091693408	1.284278390448423	1.71991254331182	1.9428949081068998	1.56358049898623	1.23849200319609	0.9763867309654691	1.720303538302547	1.5337866885158604	1.691571504043237	2.0015556379604487	1.1542145678578521	1.6504794400999874	1.2922389264993241	0.0	1.1524805255094177	2.0526207282363353	1.6911693070646852	2.1985910984776154	1.9858534847375493	1.370233532429817	2.019701216813309	1.809389940595621	2.157946609128348	1.7873998662624897	1.2357171189471334	1.747138076840967	1.7309794205722664	1.8890214487983754	1.7413149260195322	1.679736296025687	1.805247767607652	1.881182974003649	1.582605237070904	1.1697688480763384	1.73514137725415	1.326676757605938	1.9277883509760065	1.482093351426785	1.4678867569632525
Guiyang	1.900412646802619	1.844085864531309	1.6593861998432375	1.912009044312241	1.3707538129406418	1.593636277614797	1.1137092030620521	1.6307201139019913	1.7843930983367078	1.4570592482528306	1.9152381492391757	1.5087860155869062	1.7216627709396195	1.5695366715432324	1.1524805255094177	0.0	2.0241050471816395	1.55335279939808	1.9771489058311928	1.7486340651562409	1.449176244045587	2.2204675644197764	1.6898447483554386	2.0390799026148736	1.512931023748362	0.8334968680364024	1.6765164332135836	1.6321519776009428	2.0822927329439724	1.9452794149412294	1.7131158881048545	1.6761399857751083	1.870785843543148	1.7592449307707325	1.4664017163135012	1.6496727880850806	0.5492976697654781	1.5515039831521589	1.3785110877366495	1.492327321317394
Shanghai	2.13325947001047	2.4064028704696963	2.0055593897165123	1.8421212698638578	1.7258343199842285	2.1727954763718387	1.9896221004986185	2.0716658442094102	2.07262805408529	1.8103830233009182	0.8779158693299836	1.9794364333007874	1.3318438833660013	1.990182254721685	2.0526207282363353	2.0241050471816395	0.0	1.9087224959256166	2.3656615880728693	1.0335487519995183	1.9910915607133823	1.9664016813541891	1.8086182494866192	1.9253488007476054	2.13479632996512	1.890121314245707	1.9136366168473637	1.9202831367476314	1.8379026835732768	2.2634627713442788	1.980520076234081	1.5153117560692433	1.712961338066159	1.7449162750964575	2.0402747521108306	1.975843392857818	1.8545640323022394	1.8192563386963876	2.143737629536371	1.7771971831828686
Taibei	2.115870940209333	2.204648548315252	0.9990664956426859	1.8448929026102294	1.6136411524368626	1.958274437734056	1.6446323070747229	0.5970691683989618	1.8710728451189769	1.7128693567463893	1.7928307341698406	1.7056338352487128	1.8587781391517433	1.6649616832566525	1.6911693070646852	1.55335279939808	1.9087224959256166	0.0	1.5960359533121995	1.8959877527731803	1.5839060360749482	2.1149524818756147	1.5035365819888473	1.7088485107070106	1.2611673453253256	1.699794610655713	1.4642874237169623	1.6486413572830227	1.8979557233675335	2.1612883582241427	1.2934915844232164	1.6362802259746339	1.7434468815249171	1.7475280326624896	1.687979056224433	1.438068729202526	1.52068485508356	1.8005556376041616	1.8156925452604689	1.7565268186358072
Taoyuan	2.566029413277854	2.845773887704807	1.7111919780012999	1.9642160595600924	1.8267705910123846	2.344202122942791	2.024459527411222	1.709258437301938	2.433324107980974	1.8850755981126033	2.201577007017737	2.1891420454893042	2.0995806703638387	1.8539675608122124	2.1985910984776154	1.9771489058311928	2.3656615880728693	1.5960359533121995	0.0	2.002088769411922	1.8829182831935616	2.3737054857133284	1.7607592059667807	1.8710862841622085	0.8538998459904596	2.0345580489991306	1.7379061369718005	1.890976277457562	2.17680230709135	2.2584175092017724	1.845693139970539	1.8673936560992908	1.8690496593881223	2.169159726748769	2.180379907758587	1.5809318437132338	2.1457082434608106	1.9724900226645725	2.2836338980285777	1.9233508593540347
Hangzhou	2.0171836980738065	2.3598993782116238	1.9128132347425453	1.713577306127453	1.5909774522322393	2.003218349153068	1.8786949564579958	2.062899441304118	2.017404220386317	1.810690180763407	1.1425166240571536	1.9420444519408901	1.4852957072028539	1.9334096903544418	1.9858534847375493	1.7486340651562409	1.0335487519995183	1.8959877527731803	2.002088769411922	0.0	1.9375620646418095	1.7874403867602036	1.86457069754114	1.8259032607316794	2.0072831585065782	1.666502965539622	1.928829153761183	1.989013175500047	1.7820283026593553	2.0324487458002842	1.9122943587928085	1.5230980943732346	1.562891763910051	1.689738269604657	2.0222129309707233	1.9773695448024258	1.7187674188642648	1.600144542206921	1.9371427617710428	1.6391272647045545
Xian	1.7566601341238253	1.8871350834623724	1.7430395066573574	1.8122099071032693	1.239567123365393	1.1780178375218038	1.2151471728986132	1.6914159599219043	1.5021714051089319	1.4915452399079234	2.156053564306694	1.1757447606926439	1.8697296548382893	1.1182830826669679	1.370233532429817	1.449176244045587	1.9910915607133823	1.5839060360749482	1.8829182831935616	1.9375620646418095	0.0	1.9181943043076783	1.9393652806995352	2.1878612498167986	1.7663455742287284	1.4651110439173451	1.9703027903065267	1.644056436731856	1.750335751151364	1.5870964653587214	1.953456771083765	1.7288525815139497	1.5172310193870926	1.4596729510160487	1.123216994649308	1.964205609990506	1.5010088088275213	1.7410971729307192	1.627464948075048	1.2890796056317042
Hefei	1.9187348878213315	2.312733609488199	2.0090626568542693	1.7786164711882648	1.8701587172664589	1.80887496760701	1.6449263399296403	2.2076862103624917	1.9854210842147682	1.8334224935714536	1.8477484554964367	1.5592790698996515	2.350114159484123	1.4819247990317554	2.019701216813309	2.2204675644197764	1.9664016813541891	2.1149524818756147	2.3737054857133284	1.7874403867602036	1.9181943043076783	0.0	2.2814907376873323	2.2469222468365717	2.122640274366092	2.0784811833582655	2.3031878961298844	2.0782577857497717	2.0002821902723036	1.8674948105075595	2.079387823803537	1.6966699298016028	1.26707627149814	1.6124933178714764	1.6284794666821087	2.343357671130865	2.1764212308531854	2.104909581537258	2.2547662435317166	1.67282556590451
Guangzhou	2.1544795452033414	2.3344791747342484	1.7125162205719011	1.998226553420459	1.8841570427626229	2.006801846587635	1.7722351712812603	1.472619151126366	2.1377605329414306	1.843499029578025	2.039471418589159	2.0610472297524085	1.6608456089723762	1.9966566479486596	1.809389940595621	1.6898447483554386	1.8086182494866192	1.5035365819888473	1.7607592059667807	1.86457069754114	1.9393652806995352	2.2814907376873323	0.0	1.621931556467361	1.4786131493749208	1.7938455990300959	0.15092093438554632	1.6227858638878598	2.2236060664978017	2.1899582122794654	1.8089307337758063	1.787443082857898	2.0925694878734804	1.857110837637054	1.9878020678451827	0.3724891602836586	1.6760496726878014	2.0086666985522497	1.9940502120693124	2.011555510328727
Haikou	2.2259527915713786	2.554896390485837	1.6398572449129858	2.0788912341450216	1.9676098648665947	2.316146071724766	1.8937857884712375	1.6849146387578027	2.3614108328244847	2.1847470811719307	1.9188114208115856	2.0502933924475535	1.965847893151449	2.032503231069403	2.157946609128348	2.0390799026148736	1.9253488007476054	1.7088485107070106	1.8710862841622085	1.8259032607316794	2.1878612498167986	2.2469222468365717	1.621931556467361	0.0	1.7069107542248672	2.0040457919024126	1.715165359501328	1.884429320348842	2.1028574774530697	2.2660102098726425	1.8897269932837935	1.8658808228071404	1.9366667935939028	1.9851293486488286	2.0568531671949484	1.7114904814162288	1.8780968679717271	2.160277429340983	2.3227122123331294	2.153236634659288
Meixian	2.337418523987298	2.397578236762529	1.2471258122263735	1.8688141478417828	1.629544442611496	2.0821158973096345	1.7536093026386306	1.2169222715071117	2.2180400852267566	1.7681343732190287	2.0089392133532864	1.8197476802433765	1.8630596237159431	1.701613789840953	1.7873998662624897	1.512931023748362	2.13479632996512	1.2611673453253256	0.8538998459904596	2.0072831585065782	1.7663455742287284	2.122640274366092	1.4786131493749208	1.7069107542248672	0.0	1.5557897031409775	1.4128175640657903	1.632200882337743	2.2063182550399425	2.2297720192144315	1.6384335318705636	1.7205884499866428	1.9841117301529771	2.073408507169078	1.7127170637592988	1.381095796854156	1.6290757264112194	1.805339184766181	2.113152774991861	1.585780375962922
Wuhan	1.805052076653749	1.667082407556805	1.8544524883740445	1.9778464321553166	1.2025406837615158	1.7690264976460064	1.3648454025935102	1.7996587903465484	1.9888144561080625	1.7525629436042165	1.8891028686987152	1.3039401930401135	1.6841283559618698	1.3722472030867912	1.2357171189471334	0.8334968680364024	1.890121314245707	1.699794610655713	2.0345580489991306	1.666502965539622	1.4651110439173451	2.0784811833582655	1.7938455990300959	2.0040457919024126	1.5557897031409775	0.0	1.778156530833409	1.7266103085075075	1.8671421439167477	2.0939507418601817	1.8659561423737347	1.8222640718688239	1.7791221879131949	1.7488809175261801	1.256798569492409	1.7778116223794913	0.6810229603522574	1.540691387242513	1.766027098935377	1.3723330189371898
Xianggang	2.2322652246794275	2.268001189354191	1.7666331684633114	1.970466081560561	1.9069732912450958	2.0216242536470195	1.7574636561390575	1.4086209554861862	2.089270775932189	1.9060272039891628	2.036541604104023	1.9892649809870624	1.729734308032781	2.009336372263862	1.747138076840967	1.6765164332135836	1.9136366168473637	1.4642874237169623	1.7379061369718005	1.928829153761183	1.9703027903065267	2.3031878961298844	0.15092093438554632	1.715165359501328	1.4128175640657903	1.778156530833409	0.0	1.6412367402148171	2.241251995529318	2.2197146450900815	1.75145221593696	1.7892808014546056	2.1838387016514162	1.9462483770254553	1.9198122778705125	0.32296405650682974	1.677125369136352	2.0291591697448044	1.9815224265198668	1.98916509736633
Jianou	1.9921952921642179	2.1028235765233063	1.6537319191238935	1.8573468647966362	1.525441561628143	1.930114951332245	1.5049251603688154	1.6547828572197387	1.9475224391095813	1.7682271423543345	1.9873932136626022	1.6938813401447363	1.9262953995245704	1.782800469867995	1.7309794205722664	1.6321519776009428	1.9202831367476314	1.6486413572830227	1.890976277457562	1.989013175500047	1.644056436731856	2.0782577857497717	1.6227858638878598	1.884429320348842	1.632200882337743	1.7266103085075075	1.6412367402148171	0.0	1.8524005337437859	1.9845200099658382	1.325503671036877	1.7424016772251694	1.7880206755977408	1.7041893820357463	1.6902471208477348	1.6307856289408882	1.749284804169846	1.7621608982157382	1.9760713361911475	1.7664365388328456
Pingyao	1.8319873737700054	2.010552405723064	1.951630022822978	2.2643004930577817	1.6994439925684488	1.8825487336194362	1.6786099500556158	2.030027326854739	2.073487647558732	2.007442495569379	1.9082128769139413	1.8244494637864768	1.9795990454694237	1.6301452364791742	1.8890214487983754	2.0822927329439724	1.8379026835732768	1.8979557233675335	2.17680230709135	1.7820283026593553	1.750335751151364	2.0002821902723036	2.2236060664978017	2.1028574774530697	2.2063182550399425	1.8671421439167477	2.241251995529318	1.8524005337437859	0.0	2.3013865046934407	1.7056326945373779	1.9496947869261925	1.6620905020323862	1.5912878615762018	1.8674328896966654	2.2538261987889023	1.741052523704573	1.970410147503865	1.8368571349353484	1.5902882475624474
Qingdao	1.4659608801602915	1.8049212944898647	2.0851627300737565	1.960274418527559	1.9317137547578136	0.7848168571863677	1.4201294112551235	2.149259693378699	1.580572309474148	1.913336002247494	2.1722149264429267	1.5890497011886908	2.101798339273884	1.785548741153677	1.7413149260195322	1.9452794149412294	2.2634627713442788	2.1612883582241427	2.2584175092017724	2.0324487458002842	1.5870964653587214	1.8674948105075595	2.1899582122794654	2.2660102098726425	2.2297720192144315	2.0939507418601817	2.2197146450900815	1.9845200099658382	2.3013865046934407	0.0	2.1381325640491324	2.0865321863439723	1.7760088699585626	1.5843068230469297	1.7196006249907296	2.1512435284330578	2.0173402194399257	2.2832167211803296	1.873300515250357	1.83823516681119
Fuzhou	1.9800597091732228	1.9612262086677816	1.2913044411765489	1.9583263781949172	1.7344802820046237	1.9375270540605016	1.5366335716775559	1.2302930868639366	2.014492370159255	1.7278626451826842	1.8078749974290165	1.7696068329509147	1.8161282345858663	1.7930840060617927	1.679736296025687	1.7131158881048545	1.980520076234081	1.2934915844232164	1.845693139970539	1.9122943587928085	1.953456771083765	2.079387823803537	1.8089307337758063	1.8897269932837935	1.6384335318705636	1.8659561423737347	1.75145221593696	1.325503671036877	1.7056326945373779	2.1381325640491324	0.0	1.584703482899625	1.7660959456630443	1.724846141677129	1.9185867174326572	1.7800409469628629	1.685434749394005	1.9218674898231392	1.8687839040278522	1.7511904063205572
Nanchang	2.1870647346642462	2.462821921680486	1.7727365062193212	1.491445388415027	1.648579447547739	2.0226069664763946	1.5650256998308985	1.6142991595595344	1.8559970301567068	1.5535244558796832	1.5276002667313286	1.4826308498195147	1.982649993971049	1.4677518912453453	1.805247767607652	1.6761399857751083	1.5153117560692433	1.6362802259746339	1.8673936560992908	1.5230980943732346	1.7288525815139497	1.6966699298016028	1.787443082857898	1.8658808228071404	1.7205884499866428	1.8222640718688239	1.7892808014546056	1.7424016772251694	1.9496947869261925	2.0865321863439723	1.584703482899625	0.0	1.318842107447066	1.8059258121868336	1.552186117359987	1.8269399567753322	1.7584017818263153	1.7416381590547756	2.1074727622900156	1.8467640273364327
Nanjing	1.9029469271197201	2.0745930040702207	1.8933264608256204	1.6938334545795206	1.1333001812031644	1.7656719758599717	1.4393535214642554	1.945583617729114	1.9185648458982216	1.7645401776698455	1.70575142142795	1.2819948882009111	2.1330385875028806	1.1829981035379336	1.881182974003649	1.870785843543148	1.712961338066159	1.7434468815249171	1.8690496593881223	1.562891763910051	1.5172310193870926	1.26707627149814	2.0925694878734804	1.9366667935939028	1.9841117301529771	1.7791221879131949	2.1838387016514162	1.7880206755977408	1.6620905020323862	1.7760088699585626	1.7660959456630443	1.318842107447066	0.0	1.5512498103494319	1.3442081544052478	2.192288967809019	1.9137131071875686	1.5801493782883407	1.9250314741184273	1.7483602028999221
Huhehaote	1.3985361302532644	1.862561029366037	1.9872872437916846	1.9765205053286334	1.6741967759165124	1.600270992555917	1.7085467235405538	1.8579017492347276	1.7593625275424514	1.6622048265409006	1.7943655552754458	1.7510090607337399	1.7601664702169486	1.6618248943438663	1.582605237070904	1.7592449307707325	1.7449162750964575	1.7475280326624896	2.169159726748769	1.689738269604657	1.4596729510160487	1.6124933178714764	1.857110837637054	1.9851293486488286	2.073408507169078	1.7488809175261801	1.9462483770254553	1.7041893820357463	1.5912878615762018	1.5843068230469297	1.724846141677129	1.8059258121868336	1.5512498103494319	0.0	1.8095361640429548	1.9314855329447798	1.564491476816248	2.076464939704402	1.6858016764882051	1.0683722698716738
Haerbin	1.7820072443275892	1.4559500763895592	1.9094485330585282	1.8825923622512426	1.2350075255243915	1.472613110365033	0.88682669266874	1.7414568124616365	1.6051756976125757	1.9513801294300708	1.916981510440137	0.4299411291991776	2.057151183567645	0.8247516812322417	1.1697688480763384	1.4664017163135012	2.0402747521108306	1.687979056224433	2.180379907758587	2.0222129309707233	1.123216994649308	1.6284794666821087	1.9878020678451827	2.0568531671949484	1.7127170637592988	1.256798569492409	1.9198122778705125	1.6902471208477348	1.8674328896966654	1.7196006249907296	1.9185867174326572	1.552186117359987	1.3442081544052478	1.8095361640429548	0.0	1.9155686807169365	1.4111781798007328	1.6887762046221009	1.665525359631384	1.6726093143284584
Nanning	2.209551770534154	2.2747038012570564	1.7657950897471535	1.9488952126287389	1.9171876787750963	2.0050446408477147	1.7752008146997746	1.4181376611548258	2.0175948549547114	1.8251025709660649	2.073942124335862	1.9773444662941762	1.7463415949605474	2.030802449374841	1.73514137725415	1.6496727880850806	1.975843392857818	1.438068729202526	1.5809318437132338	1.9773695448024258	1.964205609990506	2.343357671130865	0.3724891602836586	1.7114904814162288	1.381095796854156	1.7778116223794913	0.32296405650682974	1.6307856289408882	2.2538261987889023	2.1512435284330578	1.7800409469628629	1.8269399567753322	2.192288967809019	1.9314855329447798	1.9155686807169365	0.0	1.676677568768207	2.029902568289935	1.9745068389500147	1.980553756514953
Chengdu	1.6502927256839766	1.535352718965028	1.7473393523460132	1.9595342434123695	1.3037247103241445	1.6649451969653932	1.243508357857719	1.5621642443418629	1.9156643397275692	1.6576748357803992	1.8055145665757133	1.435445442123338	1.6264963811589306	1.4776204214281385	1.326676757605938	0.5492976697654781	1.8545640323022394	1.52068485508356	2.1457082434608106	1.7187674188642648	1.5010088088275213	2.1764212308531854	1.6760496726878014	1.8780968679717271	1.6290757264112194	0.6810229603522574	1.677125369136352	1.749284804169846	1.741052523704573	2.0173402194399257	1.685434749394005	1.7584017818263153	1.9137131071875686	1.564491476816248	1.4111781798007328	1.676677568768207	0.0	1.5977721141725896	1.4683941952542645	1.4553718545975152
Xiangtan	2.1464181958091766	2.350462428689789	1.9560626902424354	1.808801932344422	0.9637519069817249	2.112342830009908	1.6097375520851558	1.8923744922714532	2.1152151751318136	1.9274250036763512	1.7622617499219113	1.6587698028805022	1.7540854783653108	1.6406191269495394	1.9277883509760065	1.5515039831521589	1.8192563386963876	1.8005556376041616	1.9724900226645725	1.600144542206921	1.7410971729307192	2.104909581537258	2.0086666985522497	2.160277429340983	1.805339184766181	1.540691387242513	2.0291591697448044	1.7621608982157382	1.970410147503865	2.2832167211803296	1.9218674898231392	1.7416381590547756	1.5801493782883407	2.076464939704402	1.6887762046221009	2.029902568289935	1.5977721141725896	0.0	2.070164906574022	1.9082892974051142
Kunming	1.6255424455441176	1.7664385452560802	2.0323455943366717	2.000657586569449	1.7436902772136844	1.4793881496547672	1.3357754985729138	1.8420802983090976	1.7976593665254685	1.8152067871511974	1.988050068490188	1.5282970265513334	1.813561163530783	1.9011461197434485	1.482093351426785	1.3785110877366495	2.143737629536371	1.8156925452604689	2.2836338980285777	1.9371427617710428	1.627464948075048	2.2547662435317166	1.9940502120693124	2.3227122123331294	2.113152774991861	1.766027098935377	1.9815224265198668	1.9760713361911475	1.8368571349353484	1.873300515250357	1.8687839040278522	2.1074727622900156	1.9250314741184273	1.6858016764882051	1.665525359631384	1.9745068389500147	1.4683941952542645	2.070164906574022	0.0	1.9697196855461137
Taiyuan	1.8871758362261297	1.991200806439552	1.627377184024628	1.9126880317071673	1.594219606831079	1.6020470958385995	1.5759045375420384	1.922755039675653	2.0596771680472026	1.5967855233666515	1.9149764501775628	1.7257875994880807	1.7835372990950105	1.594013472743711	1.4678867569632525	1.492327321317394	1.7771971831828686	1.7565268186358072	1.9233508593540347	1.6391272647045545	1.2890796056317042	1.67282556590451	2.011555510328727	2.153236634659288	1.585780375962922	1.3723330189371898	1.98916509736633	1.7664365388328456	1.5902882475624474	1.83823516681119	1.7511904063205572	1.8467640273364327	1.7483602028999221	1.0683722698716738	1.6726093143284584	1.980553756514953	1.4553718545975152	1.9082892974051142	1.9697196855461137	0.0
