	Lanzhou	Yinchuan	Shantou	Tunxi	Changsha	Jinan	Zhengzhou	Xiamen	Xining	Shexian	Suzhou	Beijing	Wenzhou	Tianjin	Wulumuqi	Guiyang	Shanghai	Taibei	Taoyuan	Hangzhou	Xian	Hefei	Guangzhou	Haikou	Meixian	Wuhan	Xianggang	Jianou	Pingyao	Qingdao	Fuzhou	Nanchang	Nanjing	Huhehaote	Haerbin	Nanning	Chengdu	Xiangtan	Kunming	Taiyuan
Lanzhou	0.0	1.6175115207373272	4.705069124423963	4.341013824884793	3.3824884792626726	2.935483870967742	3.4470046082949306	4.9953917050691246	3.8341013824884795	4.15668202764977	4.870967741935484	4.2626728110599075	4.502304147465438	3.5529953917050694	3.087557603686636	3.6589861751152073	4.525345622119816	5.009216589861751	5.018433179723502	4.6728110599078345	3.870967741935484	4.15668202764977	4.682027649769585	5.032258064516129	4.732718894009217	3.898617511520737	4.783410138248848	4.046082949308755	3.709677419354839	3.442396313364055	4.341013824884793	4.7373271889400925	4.474654377880184	3.447004608294931	3.857142857142857	4.571428571428571	3.4562211981566824	3.9723502304147464	3.9078341013824884	4.3917050691244235
Yinchuan	1.6175115207373272	0.0	4.290322580645162	4.405529953917051	3.0460829493087553	2.857142857142857	2.894009216589862	4.405529953917051	3.2396313364055302	4.285714285714286	4.589861751152074	3.4470046082949306	4.184331797235023	3.0599078341013826	2.3686635944700463	3.055299539170507	4.170506912442397	4.423963133640553	4.870967741935484	4.451612903225806	3.622119815668203	4.308755760368664	4.28110599078341	4.811059907834101	4.202764976958525	3.1244239631336406	4.059907834101383	3.612903225806452	3.2534562211981566	3.4331797235023043	3.7096774193548385	4.585253456221198	4.700460829493087	3.7327188940092166	2.8755760368663594	3.8986175115207375	2.7373271889400925	3.686635944700461	3.5622119815668203	3.9723502304147464
Shantou	4.705069124423963	4.290322580645162	0.0	4.064516129032258	4.497695852534562	4.875576036866359	4.317972350230415	3.161290322580645	4.5437788018433185	4.101382488479263	3.824884792626728	4.926267281105991	5.193548387096774	4.419354838709678	4.299539170506913	4.253456221198157	4.2073732718894	3.2304147465437785	4.350230414746544	4.221198156682028	4.497695852534562	3.944700460829493	3.705069124423963	3.7557603686635943	2.953917050691244	5.129032258064516	3.7649769585253456	4.442396313364055	4.516129032258064	4.870967741935484	3.4838709677419355	3.5668202764976957	4.013824884792626	4.709677419354838	4.663594470046084	4.511520737327189	4.511520737327189	4.6082949308755765	4.8986175115207375	3.6728110599078345
Tunxi	4.341013824884793	4.405529953917051	4.064516129032258	0.0	4.110599078341014	4.271889400921659	4.474654377880184	4.433179723502304	4.28110599078341	3.345622119815668	4.179723502304148	4.129032258064516	4.313364055299539	3.9631336405529956	4.751152073732719	4.4792626728110605	4.105990783410138	4.594470046082949	4.304147465437788	4.345622119815668	4.009216589861751	3.391705069124424	4.138248847926267	4.71889400921659	3.9216589861751157	5.1336405529953915	4.0368663594470044	4.460829493087558	5.138248847926267	3.880184331797235	4.91705069124424	3.80184331797235	3.8525345622119813	4.612903225806452	4.359447004608295	4.276497695852534	4.442396313364055	4.124423963133641	4.345622119815668	4.147465437788019
Changsha	3.3824884792626726	3.0460829493087553	4.497695852534562	4.110599078341014	0.0	4.313364055299539	3.2442396313364057	4.28110599078341	3.589861751152074	4.2626728110599075	4.138248847926267	3.1336405529953915	4.400921658986175	3.184331797235023	3.9631336405529956	3.0921658986175116	4.165898617511521	3.894009216589862	3.6589861751152073	4.179723502304148	2.460829493087558	4.663594470046084	4.138248847926267	4.691244239631336	3.774193548387097	2.9723502304147464	4.152073732718894	3.0506912442396317	3.6497695852534564	4.078341013824884	4.576036866359447	4.304147465437788	3.3179723502304146	4.152073732718894	2.7788018433179724	4.064516129032258	3.3502304147465436	1.359447004608295	4.235023041474655	3.5990783410138247
Jinan	2.935483870967742	2.857142857142857	4.875576036866359	4.271889400921659	4.313364055299539	0.0	3.19815668202765	4.894009216589861	4.092165898617512	4.179723502304148	5.359447004608295	3.6774193548387095	3.6175115207373274	3.7741935483870965	3.0184331797235022	3.7926267281105988	5.087557603686636	5.211981566820277	5.018433179723502	5.428571428571429	3.4976958525345623	4.271889400921659	4.67741935483871	5.1336405529953915	4.815668202764977	4.235023041474655	4.732718894009217	4.428571428571429	4.253456221198157	1.7235023041474655	4.709677419354838	5.142857142857142	5.059907834101383	3.967741935483871	3.9170506912442393	4.396313364055299	3.792626728110599	4.410138248847926	3.525345622119816	4.423963133640553
Zhengzhou	3.4470046082949306	2.894009216589862	4.317972350230415	4.474654377880184	3.2442396313364057	3.19815668202765	0.0	4.4562211981566815	3.751152073732719	4.170506912442397	4.8663594470046085	3.055299539170507	4.903225806451613	3.1889400921658986	2.552995391705069	2.7096774193548385	5.387096774193548	4.511520737327189	4.497695852534562	5.516129032258064	3.4608294930875574	4.668202764976959	4.382488479262673	4.387096774193548	4.442396313364055	3.8294930875576036	4.271889400921659	3.6175115207373274	4.0368663594470044	3.1705069124423964	4.027649769585254	4.668202764976959	4.668202764976959	4.433179723502304	3.1935483870967745	4.147465437788018	3.2119815668202767	3.456221198156682	3.3640552995391704	4.082949308755761
Xiamen	4.9953917050691246	4.405529953917051	3.161290322580645	4.433179723502304	4.28110599078341	4.894009216589861	4.4562211981566815	0.0	4.447004608294931	4.410138248847926	4.377880184331797	3.589861751152074	5.1336405529953915	3.9953917050691246	4.488479262672811	3.9170506912442393	4.511520737327189	1.6359447004608296	3.9539170506912438	4.880184331797235	3.8755760368663594	4.67741935483871	3.4470046082949306	3.8755760368663594	3.064516129032258	5.023041474654377	3.2211981566820276	4.400921658986175	4.811059907834101	4.764976958525345	3.7649769585253456	3.576036866359447	4.216589861751152	4.32258064516129	4.032258064516129	3.5622119815668203	3.2027649769585254	4.3963133640553	3.9170506912442393	4.493087557603687
Xining	3.8341013824884795	3.2396313364055302	4.5437788018433185	4.28110599078341	3.589861751152074	4.092165898617512	3.751152073732719	4.447004608294931	0.0	4.161290322580645	4.009216589861751	3.5622119815668203	5.046082949308756	3.7557603686635943	3.3410138248847927	3.225806451612903	4.294930875576037	3.9953917050691246	4.686635944700461	4.557603686635945	3.3041474654377883	4.211981566820277	4.7142857142857135	5.202764976958525	4.5852534562211975	4.6082949308755765	4.497695852534562	4.0691244239631335	4.423963133640553	3.5069124423963136	4.811059907834101	4.336405529953917	4.4562211981566815	4.235023041474655	3.023041474654378	4.188940092165899	3.80184331797235	3.880184331797235	3.258064516129032	4.580645161290323
Shexian	4.15668202764977	4.285714285714286	4.101382488479263	3.345622119815668	4.2626728110599075	4.179723502304148	4.170506912442397	4.410138248847926	4.161290322580645	0.0	4.654377880184332	4.663594470046084	4.465437788018433	4.152073732718894	4.423963133640553	3.751152073732719	4.152073732718894	4.373271889400922	4.253456221198157	4.778801843317972	3.387096774193548	3.9216589861751157	4.571428571428571	5.290322580645161	4.663594470046084	4.976958525345622	4.612903225806452	4.405529953917051	4.6036866359447	4.258064516129032	4.474654377880185	4.073732718894009	4.3271889400921655	3.9447004608294933	4.829493087557603	4.221198156682028	4.290322580645161	4.405529953917051	3.9815668202764978	4.285714285714286
Suzhou	4.870967741935484	4.589861751152074	3.824884792626728	4.179723502304148	4.138248847926267	5.359447004608295	4.8663594470046085	4.377880184331797	4.009216589861751	4.654377880184332	0.0	4.502304147465438	4.9308755760368665	4.769585253456221	4.8433179723502295	4.405529953917051	2.1382488479262673	4.2626728110599075	4.709677419354839	2.5990783410138247	4.7373271889400925	3.3686635944700463	4.04147465437788	4.695852534562212	3.488479262672811	4.88479262672811	3.935483870967742	4.820276497695852	4.179723502304148	4.764976958525345	4.08294930875576	3.1152073732718897	3.3686635944700463	4.285714285714286	4.400921658986175	4.686635944700461	4.539170506912443	4.290322580645161	4.442396313364055	3.668202764976958
Beijing	4.2626728110599075	3.4470046082949306	4.926267281105991	4.129032258064516	3.1336405529953915	3.6774193548387095	3.055299539170507	3.589861751152074	3.5622119815668203	4.663594470046084	4.502304147465438	0.0	4.714285714285714	2.119815668202765	3.695852534562212	3.7788018433179724	4.944700460829493	4.0	4.585253456221198	5.3917050691244235	2.926267281105991	3.8663594470046085	4.566820276497696	4.470046082949309	4.11520737327189	4.013824884792627	4.32258064516129	3.7649769585253456	4.64516129032258	3.23963133640553	4.944700460829493	3.700460829493087	3.4930875576036864	4.317972350230415	1.230414746543779	4.129032258064516	3.1428571428571432	3.4838709677419355	3.6820276497695854	4.377880184331797
Wenzhou	4.502304147465438	4.184331797235023	5.193548387096774	4.313364055299539	4.400921658986175	3.6175115207373274	4.903225806451613	5.1336405529953915	5.046082949308756	4.465437788018433	4.9308755760368665	4.714285714285714	0.0	4.944700460829493	4.050691244239632	4.654377880184332	4.3963133640553	5.516129032258064	5.0691244239631335	5.023041474654377	4.746543778801843	5.387096774193548	4.474654377880185	5.142857142857142	4.861751152073733	4.055299539170507	4.552995391705069	4.751152073732719	4.9953917050691246	4.410138248847926	5.078341013824884	5.599078341013825	5.571428571428571	4.271889400921658	4.820276497695852	4.290322580645162	4.557603686635945	4.299539170506913	4.6728110599078345	4.944700460829493
Tianjin	3.5529953917050694	3.0599078341013826	4.419354838709678	3.9631336405529956	3.184331797235023	3.7741935483870965	3.1889400921658986	3.9953917050691246	3.7557603686635943	4.152073732718894	4.769585253456221	2.119815668202765	4.944700460829493	0.0	3.447004608294931	3.6497695852534564	4.691244239631336	4.018433179723502	4.2073732718894	5.073732718894009	2.4562211981566824	3.1336405529953915	4.451612903225807	4.658986175115207	3.9631336405529956	4.105990783410138	4.456221198156682	3.8986175115207375	3.9539170506912447	3.488479262672811	4.88479262672811	3.4976958525345623	3.423963133640553	3.880184331797235	1.7926267281105992	4.465437788018433	3.3317972350230414	3.4239631336405534	4.447004608294931	3.921658986175115
Wulumuqi	3.087557603686636	2.3686635944700463	4.299539170506913	4.751152073732719	3.9631336405529956	3.0184331797235022	2.552995391705069	4.488479262672811	3.3410138248847927	4.423963133640553	4.8433179723502295	3.695852534562212	4.050691244239632	3.447004608294931	0.0	2.2764976958525347	5.147465437788018	4.56221198156682	4.820276497695852	5.299539170506913	3.8940092165898617	4.861751152073732	4.410138248847926	5.027649769585254	4.184331797235023	3.271889400921659	4.1981566820276495	4.124423963133641	4.585253456221198	3.8018433179723505	3.9539170506912438	4.695852534562212	5.018433179723502	4.0691244239631335	3.294930875576037	3.9400921658986174	2.9723502304147464	4.11520737327189	3.354838709677419	4.267281105990784
Guiyang	3.6589861751152073	3.055299539170507	4.253456221198157	4.4792626728110605	3.0921658986175116	3.7926267281105988	2.7096774193548385	3.9170506912442393	3.225806451612903	3.751152073732719	4.405529953917051	3.7788018433179724	4.654377880184332	3.6497695852534564	2.2764976958525347	0.0	4.875576036866359	3.7972350230414746	4.188940092165899	4.663594470046083	3.193548387096774	5.0691244239631335	3.8571428571428568	4.672811059907834	3.5990783410138247	3.2119815668202762	3.7373271889400925	3.5852534562211984	4.728110599078341	4.101382488479263	4.1336405529953915	4.345622119815668	4.6728110599078345	4.313364055299539	3.294930875576037	3.539170506912442	1.4562211981566822	3.1382488479262673	2.622119815668203	4.032258064516129
Shanghai	4.525345622119816	4.170506912442397	4.2073732718894	4.105990783410138	4.165898617511521	5.087557603686636	5.387096774193548	4.511520737327189	4.294930875576037	4.152073732718894	2.1382488479262673	4.944700460829493	4.3963133640553	4.691244239631336	5.147465437788018	4.875576036866359	0.0	4.410138248847926	4.861751152073733	2.3502304147465436	4.405529953917051	3.3870967741935485	3.3317972350230414	4.165898617511521	3.8617511520737327	4.778801843317972	3.571428571428571	4.668202764976958	3.543778801843318	4.861751152073733	4.506912442396313	3.087557603686636	3.294930875576037	4.009216589861751	4.622119815668203	4.364055299539171	4.663594470046084	4.4147465437788025	4.940092165898617	3.3732718894009217
Taibei	5.009216589861751	4.423963133640553	3.2304147465437785	4.594470046082949	3.894009216589862	5.211981566820277	4.511520737327189	1.6359447004608296	3.9953917050691246	4.373271889400922	4.2626728110599075	4.0	5.516129032258064	4.018433179723502	4.56221198156682	3.7972350230414746	4.410138248847926	0.0	3.5299539170506913	4.834101382488479	3.5576036866359444	4.847926267281107	3.857142857142857	4.377880184331797	3.4700460829493087	4.8018433179723505	3.6820276497695854	4.221198156682028	4.373271889400922	4.972350230414747	4.142857142857143	3.9953917050691246	4.064516129032258	4.271889400921658	3.880184331797235	3.557603686635945	3.4700460829493087	4.105990783410139	4.105990783410139	4.294930875576037
Taoyuan	5.018433179723502	4.870967741935484	4.350230414746544	4.304147465437788	3.6589861751152073	5.018433179723502	4.497695852534562	3.9539170506912438	4.686635944700461	4.253456221198157	4.709677419354839	4.585253456221198	5.0691244239631335	4.2073732718894	4.820276497695852	4.188940092165899	4.861751152073733	3.5299539170506913	0.0	4.847926267281106	3.6267281105990783	4.71889400921659	3.8663594470046085	4.244239631336406	2.2534562211981566	4.852534562211982	3.741935483870968	3.912442396313364	4.313364055299539	4.405529953917051	4.67741935483871	4.47926267281106	3.976958525345622	4.3963133640553	4.382488479262673	3.2211981566820276	4.488479262672811	3.737327188940092	4.935483870967742	3.8433179723502304
Hangzhou	4.6728110599078345	4.451612903225806	4.221198156682028	4.345622119815668	4.179723502304148	5.428571428571429	5.516129032258064	4.880184331797235	4.557603686635945	4.778801843317972	2.5990783410138247	5.3917050691244235	5.023041474654377	5.073732718894009	5.299539170506913	4.663594470046083	2.3502304147465436	4.834101382488479	4.847926267281106	0.0	4.728110599078341	3.686635944700461	4.235023041474655	4.516129032258064	4.142857142857142	4.43778801843318	4.285714285714286	5.400921658986175	4.023041474654378	5.110599078341014	4.8018433179723505	3.576036866359447	3.511520737327189	4.235023041474655	4.967741935483871	5.092165898617511	4.654377880184332	4.3917050691244235	5.032258064516129	3.4377880184331797
Xian	3.870967741935484	3.622119815668203	4.497695852534562	4.009216589861751	2.460829493087558	3.4976958525345623	3.4608294930875574	3.8755760368663594	3.3041474654377883	3.387096774193548	4.7373271889400925	2.926267281105991	4.746543778801843	2.4562211981566824	3.8940092165898617	3.193548387096774	4.405529953917051	3.5576036866359444	3.6267281105990783	4.728110599078341	0.0	4.179723502304148	4.267281105990784	4.788018433179724	4.1658986175115205	3.7465437788018434	4.313364055299539	3.4654377880184333	3.7557603686635943	3.6175115207373274	5.258064516129032	4.1013824884792625	3.4331797235023043	3.3502304147465436	2.5668202764976957	4.244239631336406	3.3732718894009217	3.1658986175115205	3.6129032258064515	3.1336405529953915
Hefei	4.15668202764977	4.308755760368664	3.944700460829493	3.391705069124424	4.663594470046084	4.271889400921659	4.668202764976959	4.67741935483871	4.211981566820277	3.9216589861751157	3.3686635944700463	3.8663594470046085	5.387096774193548	3.1336405529953915	4.861751152073732	5.0691244239631335	3.3870967741935485	4.847926267281107	4.71889400921659	3.686635944700461	4.179723502304148	0.0	4.235023041474655	4.691244239631336	3.589861751152074	5.506912442396313	4.271889400921659	4.820276497695852	4.253456221198157	3.6774193548387095	4.8663594470046085	3.129032258064516	2.5944700460829493	3.493087557603687	3.8202764976958523	5.032258064516129	4.728110599078342	4.88479262672811	4.972350230414746	3.096774193548387
Guangzhou	4.682027649769585	4.28110599078341	3.705069124423963	4.138248847926267	4.138248847926267	4.67741935483871	4.382488479262673	3.4470046082949306	4.7142857142857135	4.571428571428571	4.04147465437788	4.566820276497696	4.474654377880185	4.451612903225807	4.410138248847926	3.8571428571428568	3.3317972350230414	3.857142857142857	3.8663594470046085	4.235023041474655	4.267281105990784	4.235023041474655	0.0	3.3041474654377883	2.7788018433179724	4.71889400921659	0.37788018433179726	3.7557603686635943	5.064516129032258	4.56221198156682	4.423963133640553	3.5115207373271886	4.0	4.470046082949309	4.313364055299539	1.4009216589861753	3.7557603686635943	4.1336405529953915	4.576036866359447	4.023041474654378
Haikou	5.032258064516129	4.811059907834101	3.7557603686635943	4.71889400921659	4.691244239631336	5.1336405529953915	4.387096774193548	3.8755760368663594	5.202764976958525	5.290322580645161	4.695852534562212	4.470046082949309	5.142857142857142	4.658986175115207	5.027649769585254	4.672811059907834	4.165898617511521	4.377880184331797	4.244239631336406	4.516129032258064	4.788018433179724	4.691244239631336	3.3041474654377883	0.0	3.7557603686635943	5.105990783410139	3.4792626728110596	4.539170506912443	4.783410138248848	4.599078341013826	4.926267281105991	4.0046082949308754	4.105990783410138	4.603686635944701	4.576036866359447	3.9953917050691246	3.976958525345622	4.7926267281106	5.124423963133641	4.3963133640553
Meixian	4.732718894009217	4.202764976958525	2.953917050691244	3.9216589861751157	3.774193548387097	4.815668202764977	4.442396313364055	3.064516129032258	4.5852534562211975	4.663594470046084	3.488479262672811	4.11520737327189	4.861751152073733	3.9631336405529956	4.184331797235023	3.5990783410138247	3.8617511520737327	3.4700460829493087	2.2534562211981566	4.142857142857142	4.1658986175115205	3.589861751152074	2.7788018433179724	3.7557603686635943	0.0	4.433179723502304	2.5668202764976957	3.7788018433179724	4.76036866359447	4.488479262672811	4.0046082949308754	3.3640552995391704	3.6267281105990783	4.516129032258064	3.6497695852534564	3.207373271889401	3.8433179723502304	3.7649769585253456	4.903225806451612	3.129032258064516
Wuhan	3.898617511520737	3.1244239631336406	5.129032258064516	5.1336405529953915	2.9723502304147464	4.235023041474655	3.8294930875576036	5.023041474654377	4.6082949308755765	4.976958525345622	4.88479262672811	4.013824884792627	4.055299539170507	4.105990783410138	3.271889400921659	3.2119815668202762	4.778801843317972	4.8018433179723505	4.852534562211982	4.43778801843318	3.7465437788018434	5.506912442396313	4.71889400921659	5.105990783410139	4.433179723502304	0.0	4.599078341013825	4.244239631336406	3.9631336405529956	5.055299539170507	4.986175115207374	4.986175115207374	4.8018433179723505	4.76036866359447	3.4331797235023043	4.405529953917051	3.313364055299539	3.6036866359447006	4.870967741935484	4.092165898617512
Xianggang	4.783410138248848	4.059907834101383	3.7649769585253456	4.0368663594470044	4.152073732718894	4.732718894009217	4.271889400921659	3.2211981566820276	4.497695852534562	4.612903225806452	3.935483870967742	4.32258064516129	4.552995391705069	4.456221198156682	4.1981566820276495	3.7373271889400925	3.571428571428571	3.6820276497695854	3.741935483870968	4.285714285714286	4.313364055299539	4.271889400921659	0.37788018433179726	3.4792626728110596	2.5668202764976957	4.599078341013825	0.0	3.769585253456221	5.092165898617512	4.645161290322581	4.221198156682028	3.506912442396313	4.078341013824885	4.576036866359447	4.073732718894009	1.230414746543779	3.612903225806452	4.11520737327189	4.465437788018433	3.976958525345622
Jianou	4.046082949308755	3.612903225806452	4.442396313364055	4.460829493087558	3.0506912442396317	4.428571428571429	3.6175115207373274	4.400921658986175	4.0691244239631335	4.405529953917051	4.820276497695852	3.7649769585253456	4.751152073732719	3.8986175115207375	4.124423963133641	3.5852534562211984	4.668202764976958	4.221198156682028	3.912442396313364	5.400921658986175	3.4654377880184333	4.820276497695852	3.7557603686635943	4.539170506912443	3.7788018433179724	4.244239631336406	3.769585253456221	0.0	4.179723502304148	4.050691244239632	4.009216589861751	4.728110599078341	4.345622119815668	4.082949308755761	3.6313364055299537	3.576036866359447	3.76036866359447	3.3502304147465436	4.387096774193548	4.202764976958526
Pingyao	3.709677419354839	3.2534562211981566	4.516129032258064	5.138248847926267	3.6497695852534564	4.253456221198157	4.0368663594470044	4.811059907834101	4.423963133640553	4.6036866359447	4.179723502304148	4.64516129032258	4.9953917050691246	3.9539170506912447	4.585253456221198	4.728110599078341	3.543778801843318	4.373271889400922	4.313364055299539	4.023041474654378	3.7557603686635943	4.253456221198157	5.064516129032258	4.783410138248848	4.76036866359447	3.9631336405529956	5.092165898617512	4.179723502304148	0.0	4.548387096774194	4.105990783410139	4.405529953917051	3.806451612903226	3.359447004608295	4.202764976958525	4.953917050691244	4.474654377880185	4.105990783410139	4.691244239631336	3.2857142857142856
Qingdao	3.442396313364055	3.4331797235023043	4.870967741935484	3.880184331797235	4.078341013824884	1.7235023041474655	3.1705069124423964	4.764976958525345	3.5069124423963136	4.258064516129032	4.764976958525345	3.23963133640553	4.410138248847926	3.488479262672811	3.8018433179723505	4.101382488479263	4.861751152073733	4.972350230414747	4.405529953917051	5.110599078341014	3.6175115207373274	3.6774193548387095	4.56221198156682	4.599078341013826	4.488479262672811	5.055299539170507	4.645161290322581	4.050691244239632	4.548387096774194	0.0	4.953917050691244	4.838709677419354	4.451612903225807	3.442396313364055	3.6820276497695854	4.221198156682028	3.8433179723502304	4.2073732718894	3.6175115207373274	4.290322580645162
Fuzhou	4.341013824884793	3.7096774193548385	3.4838709677419355	4.91705069124424	4.576036866359447	4.709677419354838	4.027649769585254	3.7649769585253456	4.811059907834101	4.474654377880185	4.08294930875576	4.944700460829493	5.078341013824884	4.88479262672811	3.9539170506912438	4.1336405529953915	4.506912442396313	4.142857142857143	4.67741935483871	4.8018433179723505	5.258064516129032	4.8663594470046085	4.423963133640553	4.926267281105991	4.0046082949308754	4.986175115207374	4.221198156682028	4.009216589861751	4.105990783410139	4.953917050691244	0.0	4.064516129032258	4.622119815668203	4.654377880184332	5.009216589861751	4.396313364055299	4.6728110599078345	4.7373271889400925	4.682027649769585	4.539170506912442
Nanchang	4.7373271889400925	4.585253456221198	3.5668202764976957	3.80184331797235	4.304147465437788	5.142857142857142	4.668202764976959	3.576036866359447	4.336405529953917	4.073732718894009	3.1152073732718897	3.700460829493087	5.599078341013825	3.4976958525345623	4.695852534562212	4.345622119815668	3.087557603686636	3.9953917050691246	4.47926267281106	3.576036866359447	4.1013824884792625	3.129032258064516	3.5115207373271886	4.0046082949308754	3.3640552995391704	4.986175115207374	3.506912442396313	4.728110599078341	4.405529953917051	4.838709677419354	4.064516129032258	0.0	2.4838709677419355	4.276497695852535	3.5806451612903225	4.331797235023042	4.235023041474655	4.225806451612903	5.0046082949308754	3.7096774193548385
Nanjing	4.474654377880184	4.700460829493087	4.013824884792626	3.8525345622119813	3.3179723502304146	5.059907834101383	4.668202764976959	4.216589861751152	4.4562211981566815	4.3271889400921655	3.3686635944700463	3.4930875576036864	5.571428571428571	3.423963133640553	5.018433179723502	4.6728110599078345	3.294930875576037	4.064516129032258	3.976958525345622	3.511520737327189	3.4331797235023043	2.5944700460829493	4.0	4.105990783410138	3.6267281105990783	4.8018433179723505	4.078341013824885	4.345622119815668	3.806451612903226	4.451612903225807	4.622119815668203	2.4838709677419355	0.0	3.5299539170506913	3.3824884792626726	4.829493087557603	4.6728110599078345	3.8525345622119813	4.958525345622119	3.3686635944700463
Huhehaote	3.447004608294931	3.7327188940092166	4.709677419354838	4.612903225806452	4.152073732718894	3.967741935483871	4.433179723502304	4.32258064516129	4.235023041474655	3.9447004608294933	4.285714285714286	4.317972350230415	4.271889400921658	3.880184331797235	4.0691244239631335	4.313364055299539	4.009216589861751	4.271889400921658	4.3963133640553	4.235023041474655	3.3502304147465436	3.493087557603687	4.470046082949309	4.603686635944701	4.516129032258064	4.76036866359447	4.576036866359447	4.082949308755761	3.359447004608295	3.442396313364055	4.654377880184332	4.276497695852535	3.5299539170506913	0.0	4.317972350230415	4.377880184331797	3.7788018433179724	4.493087557603687	3.9953917050691246	2.7235023041474653
Haerbin	3.857142857142857	2.8755760368663594	4.663594470046084	4.359447004608295	2.7788018433179724	3.9170506912442393	3.1935483870967745	4.032258064516129	3.023041474654378	4.829493087557603	4.400921658986175	1.230414746543779	4.820276497695852	1.7926267281105992	3.294930875576037	3.294930875576037	4.622119815668203	3.880184331797235	4.382488479262673	4.967741935483871	2.5668202764976957	3.8202764976958523	4.313364055299539	4.576036866359447	3.6497695852534564	3.4331797235023043	4.073732718894009	3.6313364055299537	4.202764976958525	3.6820276497695854	5.009216589861751	3.5806451612903225	3.3824884792626726	4.317972350230415	0.0	3.9400921658986174	3.2534562211981566	3.248847926267281	4.15668202764977	3.9723502304147464
Nanning	4.571428571428571	3.8986175115207375	4.511520737327189	4.276497695852534	4.064516129032258	4.396313364055299	4.147465437788018	3.5622119815668203	4.188940092165899	4.221198156682028	4.686635944700461	4.129032258064516	4.290322580645162	4.465437788018433	3.9400921658986174	3.539170506912442	4.364055299539171	3.557603686635945	3.2211981566820276	5.092165898617511	4.244239631336406	5.032258064516129	1.4009216589861753	3.9953917050691246	3.207373271889401	4.405529953917051	1.230414746543779	3.576036866359447	4.953917050691244	4.221198156682028	4.396313364055299	4.331797235023042	4.829493087557603	4.377880184331797	3.9400921658986174	0.0	3.460829493087558	4.013824884792626	4.28110599078341	4.5437788018433185
Chengdu	3.4562211981566824	2.7373271889400925	4.511520737327189	4.442396313364055	3.3502304147465436	3.792626728110599	3.2119815668202767	3.2027649769585254	3.80184331797235	4.290322580645161	4.539170506912443	3.1428571428571432	4.557603686635945	3.3317972350230414	2.9723502304147464	1.4562211981566822	4.663594470046084	3.4700460829493087	4.488479262672811	4.654377880184332	3.3732718894009217	4.728110599078342	3.7557603686635943	3.976958525345622	3.8433179723502304	3.313364055299539	3.612903225806452	3.76036866359447	4.474654377880185	3.8433179723502304	4.6728110599078345	4.235023041474655	4.6728110599078345	3.7788018433179724	3.2534562211981566	3.460829493087558	0.0	3.391705069124424	2.5483870967741935	3.861751152073733
Xiangtan	3.9723502304147464	3.686635944700461	4.6082949308755765	4.124423963133641	1.359447004608295	4.410138248847926	3.456221198156682	4.3963133640553	3.880184331797235	4.405529953917051	4.290322580645161	3.4838709677419355	4.299539170506913	3.4239631336405534	4.11520737327189	3.1382488479262673	4.4147465437788025	4.105990783410139	3.737327188940092	4.3917050691244235	3.1658986175115205	4.88479262672811	4.1336405529953915	4.7926267281106	3.7649769585253456	3.6036866359447006	4.11520737327189	3.3502304147465436	4.105990783410139	4.2073732718894	4.7373271889400925	4.225806451612903	3.8525345622119813	4.493087557603687	3.248847926267281	4.013824884792626	3.391705069124424	0.0	4.364055299539171	3.838709677419355
Kunming	3.9078341013824884	3.5622119815668203	4.8986175115207375	4.345622119815668	4.235023041474655	3.525345622119816	3.3640552995391704	3.9170506912442393	3.258064516129032	3.9815668202764978	4.442396313364055	3.6820276497695854	4.6728110599078345	4.447004608294931	3.354838709677419	2.622119815668203	4.940092165898617	4.105990783410139	4.935483870967742	5.032258064516129	3.6129032258064515	4.972350230414746	4.576036866359447	5.124423963133641	4.903225806451612	4.870967741935484	4.465437788018433	4.387096774193548	4.691244239631336	3.6175115207373274	4.682027649769585	5.0046082949308754	4.958525345622119	3.9953917050691246	4.15668202764977	4.28110599078341	2.5483870967741935	4.364055299539171	0.0	4.741935483870968
Taiyuan	4.3917050691244235	3.9723502304147464	3.6728110599078345	4.147465437788019	3.5990783410138247	4.423963133640553	4.082949308755761	4.493087557603687	4.580645161290323	4.285714285714286	3.668202764976958	4.377880184331797	4.944700460829493	3.921658986175115	4.267281105990784	4.032258064516129	3.3732718894009217	4.294930875576037	3.8433179723502304	3.4377880184331797	3.1336405529953915	3.096774193548387	4.023041474654378	4.3963133640553	3.129032258064516	4.092165898617512	3.976958525345622	4.202764976958526	3.2857142857142856	4.290322580645162	4.539170506912442	3.7096774193548385	3.3686635944700463	2.7235023041474653	3.9723502304147464	4.5437788018433185	3.861751152073733	3.838709677419355	4.741935483870968	0.0
