	Lanzhou	Yinchuan	Shantou	Tunxi	Changsha	Jinan	Zhengzhou	Xiamen	Xining	Shexian	Suzhou	Beijing	Wenzhou	Tianjin	Wulumuqi	Guiyang	Shanghai	Taibei	Taoyuan	Hangzhou	Xian	Hefei	Guangzhou	Haikou	Meixian	Wuhan	Xianggang	Jianou	Pingyao	Qingdao	Fuzhou	Nanchang	Nanjing	Huhehaote	Haerbin	Nanning	Chengdu	Xiangtan	Kunming	Taiyuan
Lanzhou	0.0	1.7453851602932817	2.6777586702171483	2.7147238349833005	2.3673844585100454	1.6668257832917237	2.223887569106919	2.7324288486733854	2.3856289474231227	2.38661457538591	2.616937734754359	2.4498696482426423	2.6434006183421763	2.5478034558062133	2.333136217809902	2.6665223169380003	2.6840179701389353	2.6946526796757264	3.0723702352314324	2.447139832184552	2.4531382301421347	2.6404673743153997	2.7553570166316192	2.764178089382452	2.8924437518197594	2.632029298515842	2.793189340148238	2.585959638174905	2.538031573715251	2.0024223777412278	2.3758105492538775	2.788560424409735	2.637899521916978	2.0626504690085987	2.555113639340293	2.7848844280967997	2.4626313884958826	2.742997128666055	2.3950448212281295	2.5028157871790753
Yinchuan	1.7453851602932817	0.0	2.9635925725714882	3.2349016962951227	2.5006606066656945	1.9322615015594296	2.0430757832742725	2.955249963630725	2.693300172992986	2.7873660526671014	3.1175867967411337	2.1376861864655825	3.0154301691260095	2.29629055524398	2.125661293518168	2.6997259783936074	3.079857852896894	2.8644922003644937	3.5164368169415483	2.8793756130857684	2.6645055964041964	3.1861549789838355	3.069295286206186	3.187584601536388	3.0923384853153966	2.5976980325500305	2.9463537848399577	2.9387198957219405	2.741338308603169	2.468069338415637	2.5770362272845277	3.1565321080762283	3.0323534470784494	2.6467193505874773	2.2799947458036773	2.976824893283266	2.4059225770545125	3.012176526733959	2.7059703064328176	2.872528040686034
Shantou	2.6777586702171483	2.9635925725714882	0.0	2.234517366192675	2.2450503063063065	2.4744356807093633	2.252332047731878	1.7377083121301635	2.4980670453546576	2.107323242940786	2.431140730347615	2.482002828421435	2.261065365896375	2.4365447002758205	2.310066906640681	2.2159905384434135	2.511922782879856	1.6039430364015872	2.471526938533885	2.2586475127834995	2.2687805088759454	2.4134318458443262	2.2954027748664507	2.052597789048428	1.9146687597632686	2.4155742754207394	2.400906369791471	2.2705488736617747	2.4987693451873314	2.708194706542592	2.0221656186744186	2.268801734128349	2.36143679071362	2.464208716117266	2.517134339736451	2.3621120751212077	2.307980322091577	2.373824440918394	2.440807312493997	2.1968547491107886
Tunxi	2.7147238349833005	3.2349016962951227	2.234517366192675	0.0	2.2909175322951683	2.5436655402759474	2.3885780211242116	2.3534482547110276	2.6436882221935125	1.8871701518273256	2.3065695032548845	2.4045199366652956	2.1644947762096756	2.416396347067098	2.5867473678909643	2.472452177010178	2.257195486950551	2.376338921321622	2.519663209221497	2.1473146773616145	2.4806460006741453	2.234592256229381	2.4104319881346457	2.4152145056505754	2.399242170946862	2.5994037364151725	2.4308423346712855	2.37201511095106	2.694499093182519	2.6430636604347106	2.4019195950715204	2.0993135106542344	2.2621288551691303	2.5246400255278756	2.5522311704119947	2.363881586341606	2.5233271907539097	2.3494649396349736	2.460524316761596	2.463551658379156
Changsha	2.3673844585100454	2.5006606066656945	2.2450503063063065	2.2909175322951683	0.0	2.357691347093962	1.7215020483329815	2.2338316196743913	2.4253123288129506	2.2845859579437615	2.1469442396563903	1.9730873039337422	2.2399749076877544	1.9954512673089448	2.1010713927384392	1.8299977151521674	2.2511836797943103	2.1849344261590176	2.471427085481029	2.1274734701466174	1.8298599168007188	2.4842049923305014	2.4022362972175206	2.4672450530470313	2.2353989351967143	1.7263267578241237	2.4693747798066443	2.0404025959177328	2.3972578177331645	2.6565811560201675	2.34409444354861	2.197479707730573	1.790034793187103	2.3060388651416868	1.8709022578734438	2.4661109775925185	1.7181309277975965	1.314829930121011	2.215921803299216	2.284525736201999
Jinan	1.6668257832917237	1.9322615015594296	2.4744356807093633	2.5436655402759474	2.357691347093962	0.0	1.796579088233146	2.4929258801858056	2.0661784982184184	2.296882508051499	2.5850462999154145	2.050676216415833	2.299646285017755	2.2832035108696433	1.8689377227340982	2.294566319401986	2.6127535162454416	2.5510165027622445	2.8734286862107563	2.4369284918730245	1.7315198619168095	2.493458662526904	2.57807710401324	2.686591933260007	2.6579642649903583	2.3040509590314002	2.5616669466845483	2.4415446310895383	2.50781069821992	1.129855327009834	2.514338278769738	2.52863812085767	2.4822055023617398	2.205255973644042	2.1195960505689198	2.58413588909251	2.37544316815066	2.6331045242814515	2.24832220445334	2.274569773090496
Zhengzhou	2.223887569106919	2.0430757832742725	2.252332047731878	2.3885780211242116	1.7215020483329815	1.796579088233146	0.0	2.247156630881477	2.2952518695403414	2.244980287640888	2.5169862730541284	1.3029827187741314	2.461890561470313	1.7260487146120238	1.607548001941102	1.8781735706174811	2.5509088117537093	2.2467129628411757	2.6622020544639087	2.3791453790265615	1.6573778783113964	2.3514978510751536	2.420629481989358	2.4291027938224516	2.4027788061247977	1.8730144561696007	2.3837662593143123	2.0496509797743343	2.3576938157598786	2.0688117724049606	2.22983321426712	2.2199220283251444	2.2098013819958755	2.294210269704748	1.2658694837517268	2.4244543361245032	1.8475411110293756	2.1009497918293087	2.096525260770277	2.1504184932266823
Xiamen	2.7324288486733854	2.955249963630725	1.7377083121301635	2.3534482547110276	2.2338316196743913	2.4929258801858056	2.247156630881477	0.0	2.5106079871364764	2.256680504313897	2.5126970439158365	2.130154361068959	2.3772720721210803	2.334436946447256	2.2881703538868208	2.21461387837157	2.6101050907768713	1.05421013127759	2.5394052715813595	2.437886804724039	2.2476631318686815	2.6310904074757406	2.1285773611102217	2.1615726511359203	1.8288153199464652	2.3453576827491274	2.0372015081102166	2.214103421976681	2.6044811036835767	2.771338496137693	2.0038462545502274	2.1972529361863424	2.4260956391838926	2.4515109987370294	2.338060516435727	2.0552346496956035	2.0386869327927175	2.4144660751887823	2.26862751702685	2.390420685711541
Xining	2.3856289474231227	2.693300172992986	2.4980670453546576	2.6436882221935125	2.4253123288129506	2.0661784982184184	2.2952518695403414	2.5106079871364764	0.0	2.4210491738992674	2.5379450674580255	2.29268891898471	2.6703921047667345	2.552809856381918	2.1631113486293363	2.315961687119154	2.6679925817948873	2.2812187091317124	3.0013119414710956	2.4973436016429105	1.894997007212488	2.6225161152001335	2.6826587659735677	2.748390692109785	2.7618779465077465	2.504151292101509	2.622440612121338	2.542953375756601	2.6965848378955926	2.139230667978701	2.5193432917378407	2.5217472357753263	2.5952488452931215	2.2797878759786507	2.2120206759678473	2.573111356183843	2.470368401647242	2.714959031341423	2.3564640388993863	2.6317818310882624
Shexian	2.38661457538591	2.7873660526671014	2.107323242940786	1.8871701518273256	2.2845859579437615	2.296882508051499	2.244980287640888	2.256680504313897	2.4210491738992674	0.0	2.4975629789965517	2.437638902643995	2.193803476224697	2.2839151729655773	2.355852751200235	2.0212111385995	2.3485696194154224	2.2694664980900323	2.5326935164047564	2.3188990888728958	2.0806699393444226	2.335310158547563	2.321551550827219	2.524556502578504	2.3296744593470455	2.3636829875521066	2.3506354110985526	2.294720108833662	2.5649641966316796	2.519334362094507	2.310460322145193	2.151568511569277	2.297315135580816	2.1918449226887198	2.5240869057830517	2.20493905870317	2.2763513868737624	2.4587694113161667	2.362294491321504	2.2560155601686844
Suzhou	2.616937734754359	3.1175867967411337	2.431140730347615	2.3065695032548845	2.1469442396563903	2.5850462999154145	2.5169862730541284	2.5126970439158365	2.5379450674580255	2.4975629789965517	0.0	2.468799749556303	2.199872295069245	2.573480769346661	2.5275740560875732	2.4409584708108367	1.3782475577789555	2.3242875848076525	2.7026286599455975	1.675544520735832	2.6470249604288902	2.360709832095254	2.5063994515139334	2.3683919747331124	2.572736793365058	2.4324958681907987	2.5022069697315334	2.524853152666025	2.482568847643772	2.720716133782701	2.385791680141898	2.1741188182779037	2.210234079780592	2.432615796293425	2.569484735970799	2.5313177394238995	2.394207560427896	2.332041312061339	2.4563135239328266	2.461907988180096
Beijing	2.4498696482426423	2.1376861864655825	2.482002828421435	2.4045199366652956	1.9730873039337422	2.050676216415833	1.3029827187741314	2.130154361068959	2.29268891898471	2.437638902643995	2.468799749556303	0.0	2.4799810849488413	1.3708276735449683	1.612146673001936	2.1072056884805783	2.623960281057927	2.281133939240428	2.86171937379216	2.5055063309802064	1.6864999923882378	2.3414635670492565	2.589825180714346	2.563440073887977	2.4150824851286243	1.851751447715785	2.4647100879589035	2.311575705397929	2.555495365106965	2.2085731105217916	2.4283040350073213	2.172967976007879	2.222077769080439	2.4573477435210718	0.8219194432641788	2.4736044911080937	2.0238648387748657	2.329214817629043	2.2703405926657982	2.335809399158691
Wenzhou	2.6434006183421763	3.0154301691260095	2.261065365896375	2.1644947762096756	2.2399749076877544	2.299646285017755	2.461890561470313	2.3772720721210803	2.6703921047667345	2.193803476224697	2.199872295069245	2.4799810849488413	0.0	2.458926829412753	2.240209842990739	2.3574866090751074	2.017179562962521	2.4190580327249567	2.663808324425262	2.1281305564764486	2.464485806124787	2.6814131431964476	2.1529631310087893	2.3238087802808827	2.4384228019151104	2.1474141347298685	2.2451551402210317	2.429521442651617	2.5778991915306553	2.6426806951703616	2.452916585745116	2.4387385015594947	2.581437792542346	2.34355472915042	2.592665386941074	2.2755790101797913	2.1981668966428525	2.3028748023670444	2.3395264750657114	2.4483547451281535
Tianjin	2.5478034558062133	2.29629055524398	2.4365447002758205	2.416396347067098	1.9954512673089448	2.2832035108696433	1.7260487146120238	2.334436946447256	2.552809856381918	2.2839151729655773	2.573480769346661	1.3708276735449683	2.458926829412753	0.0	1.837091305819322	2.1251277320062796	2.595558032190588	2.3236831924839745	2.6094376325707658	2.419385329118847	1.7412598373288906	2.129915261825385	2.49769240019506	2.5585779631510004	2.2521275160676044	1.9405374637013804	2.4586731594811053	2.421027049447788	2.3173865363531228	2.587183858845865	2.424539558736362	2.0876406417208013	2.0532421980751687	2.3731473961463077	1.2983715007410734	2.5183065514269325	2.108526554686148	2.2235625559338805	2.511175115204312	2.284902794477628
Wulumuqi	2.333136217809902	2.125661293518168	2.310066906640681	2.5867473678909643	2.1010713927384392	1.8689377227340982	1.607548001941102	2.2881703538868208	2.1631113486293363	2.355852751200235	2.5275740560875732	1.612146673001936	2.240209842990739	1.837091305819322	0.0	1.739893951079342	2.6349507395836973	2.2795378027100566	2.8785897712899464	2.5085675738250677	1.9807170385755737	2.69952451065303	2.4230055053079664	2.5935663200103596	2.35058471179946	1.7109630427717684	2.3171211158189884	2.390562414897763	2.569615487097554	2.344576326937953	2.3346535286376677	2.34861760455204	2.639548554051596	2.2655725334279793	1.6719370541636425	2.323584618821239	1.9964533749132998	2.428638903168179	2.274912965601449	2.160390033634066
Guiyang	2.6665223169380003	2.6997259783936074	2.2159905384434135	2.472452177010178	1.8299977151521674	2.294566319401986	1.8781735706174811	2.21461387837157	2.315961687119154	2.0212111385995	2.4409584708108367	2.1072056884805783	2.3574866090751074	2.1251277320062796	1.739893951079342	0.0	2.5963804952528564	2.1722510018653036	2.7273093014883427	2.2857409534239608	1.94606031754145	2.741466749213539	2.202207553425941	2.5156379308844175	2.217648391828449	1.4146212944666632	2.206666053027099	2.2028074298245017	2.780706508781892	2.6513699811977878	2.339346571307874	2.250031640140362	2.4739776666413182	2.4555031457677323	2.110467760818373	2.19741166877441	1.1394103353873453	2.041622213471275	2.0791976311807376	2.2597364787368144
Shanghai	2.6840179701389353	3.079857852896894	2.511922782879856	2.257195486950551	2.2511836797943103	2.6127535162454416	2.5509088117537093	2.6101050907768713	2.6679925817948873	2.3485696194154224	1.3782475577789555	2.623960281057927	2.017179562962521	2.595558032190588	2.6349507395836973	2.5963804952528564	0.0	2.4204415470330343	2.8644527500902095	1.6504162572032828	2.548733073346228	2.5328006846933593	2.2456348332123603	2.3458023263415155	2.7081964182616987	2.517924395475368	2.3923581064765282	2.499544514414136	2.3557008105525226	2.829237916048435	2.552984232466787	2.1590672047427213	2.2920102378781	2.451323983508947	2.6907293818911384	2.5118648453271835	2.4977393492764683	2.4673177829685455	2.5886978546754347	2.4070035670306265
Taibei	2.6946526796757264	2.8644922003644937	1.6039430364015872	2.376338921321622	2.1849344261590176	2.5510165027622445	2.2467129628411757	1.05421013127759	2.2812187091317124	2.2694664980900323	2.3242875848076525	2.281133939240428	2.4190580327249567	2.3236831924839745	2.2795378027100566	2.1722510018653036	2.4204415470330343	0.0	2.366311732171324	2.3214501808752956	2.083380208745192	2.621567441405088	2.215150780996482	2.1525005263181605	1.9359349257526375	2.2868781049966262	2.1598116431875938	2.279289393056398	2.4981375307887403	2.75549849862728	2.062270217021526	2.186625401802411	2.2415499654663398	2.369174295374407	2.225505957855167	2.173815592031354	1.9900500628488411	2.350350549195794	2.1944092103977546	2.3070655497805546
Taoyuan	3.0723702352314324	3.5164368169415483	2.471526938533885	2.519663209221497	2.471427085481029	2.8734286862107563	2.6622020544639087	2.5394052715813595	3.0013119414710956	2.5326935164047564	2.7026286599455975	2.86171937379216	2.663808324425262	2.6094376325707658	2.8785897712899464	2.7273093014883427	2.8644527500902095	2.366311732171324	0.0	2.516507396947808	2.582280965207357	2.8994320196196446	2.662218871610495	2.553184883367352	1.6069179275264784	2.86467378804034	2.6435294904131132	2.570974879101516	2.778578373244813	3.0298368546246124	2.4098058801527817	2.4816758877275493	2.4447099182132055	2.6766149859257125	2.9734267109562493	2.5541178233819624	2.841269785817609	2.5576728525890946	2.7611447503351894	2.641167653181539
Hangzhou	2.447139832184552	2.8793756130857684	2.2586475127834995	2.1473146773616145	2.1274734701466174	2.4369284918730245	2.3791453790265615	2.437886804724039	2.4973436016429105	2.3188990888728958	1.675544520735832	2.5055063309802064	2.1281305564764486	2.419385329118847	2.5085675738250677	2.2857409534239608	1.6504162572032828	2.3214501808752956	2.516507396947808	0.0	2.439085832135541	2.2492200928799315	2.289667098250577	2.289687498906244	2.5275730085147323	2.283428997404003	2.360613874854118	2.4373729976654275	2.3582528540016767	2.5934761911798994	2.376451814045508	2.0328077828098445	2.0613415184009503	2.311976289460591	2.614214914004269	2.470267582448793	2.2665484545911534	2.193157938815949	2.317574733978509	2.190517901753831
Xian	2.4531382301421347	2.6645055964041964	2.2687805088759454	2.4806460006741453	1.8298599168007188	1.7315198619168095	1.6573778783113964	2.2476631318686815	1.894997007212488	2.0806699393444226	2.6470249604288902	1.6864999923882378	2.464485806124787	1.7412598373288906	1.9807170385755737	1.94606031754145	2.548733073346228	2.083380208745192	2.582280965207357	2.439085832135541	0.0	2.531103207551188	2.5247236557096713	2.592471195033236	2.3995624568009397	2.0589771826566463	2.5042435058037755	2.209454359560823	2.4615377439155086	2.2549220868085804	2.5296692481196326	2.2843122221446652	2.156636728253311	2.1072375681283777	1.4926618902363644	2.512597362672973	2.040157971820844	2.292771477867239	2.2500029335054292	2.0182656337170455
Hefei	2.6404673743153997	3.1861549789838355	2.4134318458443262	2.234592256229381	2.4842049923305014	2.493458662526904	2.3514978510751536	2.6310904074757406	2.6225161152001335	2.335310158547563	2.360709832095254	2.3414635670492565	2.6814131431964476	2.129915261825385	2.69952451065303	2.741466749213539	2.5328006846933593	2.621567441405088	2.8994320196196446	2.2492200928799315	2.531103207551188	0.0	2.686246334395131	2.593230425596409	2.5600373691124707	2.640778672241083	2.7139337658137035	2.591328411652804	2.6980977467917677	2.5903402557857675	2.545763895893355	2.37781866388968	2.133181811458213	2.2964956025079863	2.3286699395463843	2.7394371857218767	2.668622580762338	2.5845596596691673	2.745279588812496	2.4260035985337476
Guangzhou	2.7553570166316192	3.069295286206186	2.2954027748664507	2.4104319881346457	2.4022362972175206	2.57807710401324	2.420629481989358	2.1285773611102217	2.6826587659735677	2.321551550827219	2.5063994515139334	2.589825180714346	2.1529631310087893	2.49769240019506	2.4230055053079664	2.202207553425941	2.2456348332123603	2.215150780996482	2.662218871610495	2.289667098250577	2.5247236557096713	2.686246334395131	0.0	2.1788051414379166	2.236110925771713	2.3929006574107397	0.33585730259059804	2.123523703490319	2.7124153609372064	2.803832800835756	2.4201960960667015	2.3120476258741127	2.606649594703633	2.5099501331346987	2.6099817489854096	0.7794335654871891	2.3275323971716113	2.5188630106804664	2.527591628375646	2.5421524855060156
Haikou	2.764178089382452	3.187584601536388	2.052597789048428	2.4152145056505754	2.4672450530470313	2.686591933260007	2.4291027938224516	2.1615726511359203	2.748390692109785	2.524556502578504	2.3683919747331124	2.563440073887977	2.3238087802808827	2.5585779631510004	2.5935663200103596	2.5156379308844175	2.3458023263415155	2.1525005263181605	2.553184883367352	2.289687498906244	2.592471195033236	2.593230425596409	2.1788051414379166	0.0	2.2946490297938724	2.482946717519799	2.321670597685801	2.3865720368100516	2.5331125057174746	2.7582659876026945	2.4098268271550185	2.2515696992422445	2.36728497326233	2.4413000156952114	2.5795510698557065	2.3039208448255204	2.3570081690216202	2.5757534710976637	2.5930876558048483	2.6123939084286714
Meixian	2.8924437518197594	3.0923384853153966	1.9146687597632686	2.399242170946862	2.2353989351967143	2.6579642649903583	2.4027788061247977	1.8288153199464652	2.7618779465077465	2.3296744593470455	2.572736793365058	2.4150824851286243	2.4384228019151104	2.2521275160676044	2.35058471179946	2.217648391828449	2.7081964182616987	1.9359349257526375	1.6069179275264784	2.5275730085147323	2.3995624568009397	2.5600373691124707	2.236110925771713	2.2946490297938724	0.0	2.320528223752364	2.150406753649997	2.3462207520792333	2.7903429588641284	2.88590943904153	2.175883330144969	2.2834159423656875	2.517543972964805	2.6666390274244716	2.3222342345048856	2.1047131372804118	2.2665686150463205	2.406793344161741	2.5846667462679904	2.187615383421548
Wuhan	2.632029298515842	2.5976980325500305	2.4155742754207394	2.5994037364151725	1.7263267578241237	2.3040509590314002	1.8730144561696007	2.3453576827491274	2.504151292101509	2.3636829875521066	2.4324958681907987	1.851751447715785	2.1474141347298685	1.9405374637013804	1.7109630427717684	1.4146212944666632	2.517924395475368	2.2868781049966262	2.86467378804034	2.283428997404003	2.0589771826566463	2.640778672241083	2.3929006574107397	2.482946717519799	2.320528223752364	0.0	2.3925108010977754	2.4005264355015434	2.5592351471616137	2.7499578850793625	2.477597308147546	2.408237983656208	2.4674946826402353	2.4626871255022853	1.839984776407983	2.4194642629867653	1.309908964328665	2.061664173482631	2.47746229379336	2.146913490801122
Xianggang	2.793189340148238	2.9463537848399577	2.400906369791471	2.4308423346712855	2.4693747798066443	2.5616669466845483	2.3837662593143123	2.0372015081102166	2.622440612121338	2.3506354110985526	2.5022069697315334	2.4647100879589035	2.2451551402210317	2.4586731594811053	2.3171211158189884	2.206666053027099	2.3923581064765282	2.1598116431875938	2.6435294904131132	2.360613874854118	2.5042435058037755	2.7139337658137035	0.33585730259059804	2.321670597685801	2.150406753649997	2.3925108010977754	0.0	2.1476248440177486	2.7030479798038214	2.8084276263963774	2.3425927660277432	2.319087425923395	2.6893865562533508	2.558594028083377	2.48504118529018	0.7020419431668512	2.33342821937162	2.5473808133673153	2.5241602009816413	2.5564265437409843
Jianou	2.585959638174905	2.9387198957219405	2.2705488736617747	2.37201511095106	2.0404025959177328	2.4415446310895383	2.0496509797743343	2.214103421976681	2.542953375756601	2.294720108833662	2.524853152666025	2.311575705397929	2.429521442651617	2.421027049447788	2.390562414897763	2.2028074298245017	2.499544514414136	2.279289393056398	2.570974879101516	2.4373729976654275	2.209454359560823	2.591328411652804	2.123523703490319	2.3865720368100516	2.3462207520792333	2.4005264355015434	2.1476248440177486	0.0	2.545455963633593	2.5894378808468312	2.0561062479374783	2.332824281442103	2.4183816999957535	2.3585435161337465	2.3231809524662665	2.1286917628537934	2.397414128602361	2.2430703399439533	2.501244574347326	2.4126663356243574
Pingyao	2.538031573715251	2.741338308603169	2.4987693451873314	2.694499093182519	2.3972578177331645	2.50781069821992	2.3576938157598786	2.6044811036835767	2.6965848378955926	2.5649641966316796	2.482568847643772	2.555495365106965	2.5778991915306553	2.3173865363531228	2.569615487097554	2.780706508781892	2.3557008105525226	2.4981375307887403	2.778578373244813	2.3582528540016767	2.4615377439155086	2.6980977467917677	2.7124153609372064	2.5331125057174746	2.7903429588641284	2.5592351471616137	2.7030479798038214	2.545455963633593	0.0	2.930877641230947	2.3508038873489125	2.578172359091796	2.5149444314104747	2.4036424140926145	2.6091389674112957	2.7205633537525356	2.641923599421961	2.602751635823499	2.446572099615854	2.4709416192735576
Qingdao	2.0024223777412278	2.468069338415637	2.708194706542592	2.6430636604347106	2.6565811560201675	1.129855327009834	2.0688117724049606	2.771338496137693	2.139230667978701	2.519334362094507	2.720716133782701	2.2085731105217916	2.6426806951703616	2.587183858845865	2.344576326937953	2.6513699811977878	2.829237916048435	2.75549849862728	3.0298368546246124	2.5934761911798994	2.2549220868085804	2.5903402557857675	2.803832800835756	2.7582659876026945	2.88590943904153	2.7499578850793625	2.8084276263963774	2.5894378808468312	2.930877641230947	0.0	2.7134868625112247	2.797625110850935	2.6739744148780757	2.331513242683977	2.4526933396337585	2.779441091799466	2.692955526094777	2.9248352633937924	2.570300800334529	2.5953397833630936
Fuzhou	2.3758105492538775	2.5770362272845277	2.0221656186744186	2.4019195950715204	2.34409444354861	2.514338278769738	2.22983321426712	2.0038462545502274	2.5193432917378407	2.310460322145193	2.385791680141898	2.4283040350073213	2.452916585745116	2.424539558736362	2.3346535286376677	2.339346571307874	2.552984232466787	2.062270217021526	2.4098058801527817	2.376451814045508	2.5296692481196326	2.545763895893355	2.4201960960667015	2.4098268271550185	2.175883330144969	2.477597308147546	2.3425927660277432	2.0561062479374783	2.3508038873489125	2.7134868625112247	0.0	2.222743044243318	2.272588429731868	2.451985335486837	2.512831467112788	2.367856685465142	2.421962822354247	2.4348615431489673	2.379273238342404	2.4989736291331113
Nanchang	2.788560424409735	3.1565321080762283	2.268801734128349	2.0993135106542344	2.197479707730573	2.52863812085767	2.2199220283251444	2.1972529361863424	2.5217472357753263	2.151568511569277	2.1741188182779037	2.172967976007879	2.4387385015594947	2.0876406417208013	2.34861760455204	2.250031640140362	2.1590672047427213	2.186625401802411	2.4816758877275493	2.0328077828098445	2.2843122221446652	2.37781866388968	2.3120476258741127	2.2515696992422445	2.2834159423656875	2.408237983656208	2.319087425923395	2.332824281442103	2.578172359091796	2.797625110850935	2.222743044243318	0.0	1.9808724680812317	2.4968700783453484	2.1887730861259067	2.3828923727049185	2.3646768244887912	2.2512664697045572	2.5555977747812566	2.4398262464934803
Nanjing	2.637899521916978	3.0323534470784494	2.36143679071362	2.2621288551691303	1.790034793187103	2.4822055023617398	2.2098013819958755	2.4260956391838926	2.5952488452931215	2.297315135580816	2.210234079780592	2.222077769080439	2.581437792542346	2.0532421980751687	2.639548554051596	2.4739776666413182	2.2920102378781	2.2415499654663398	2.4447099182132055	2.0613415184009503	2.156636728253311	2.133181811458213	2.606649594703633	2.36728497326233	2.517543972964805	2.4674946826402353	2.6893865562533508	2.4183816999957535	2.5149444314104747	2.6739744148780757	2.272588429731868	1.9808724680812317	0.0	2.295188559060649	2.1952273590573936	2.694713522212911	2.4209675606337506	2.199536066277111	2.419901133032133	2.6298248485394233
Huhehaote	2.0626504690085987	2.6467193505874773	2.464208716117266	2.5246400255278756	2.3060388651416868	2.205255973644042	2.294210269704748	2.4515109987370294	2.2797878759786507	2.1918449226887198	2.432615796293425	2.4573477435210718	2.34355472915042	2.3731473961463077	2.2655725334279793	2.4555031457677323	2.451323983508947	2.369174295374407	2.6766149859257125	2.311976289460591	2.1072375681283777	2.2964956025079863	2.5099501331346987	2.4413000156952114	2.6666390274244716	2.4626871255022853	2.558594028083377	2.3585435161337465	2.4036424140926145	2.331513242683977	2.451985335486837	2.4968700783453484	2.295188559060649	0.0	2.465929723762745	2.5499388694616942	2.2680749713849013	2.5700024075020256	2.3221142470153824	1.6855678498832334
Haerbin	2.555113639340293	2.2799947458036773	2.517134339736451	2.5522311704119947	1.8709022578734438	2.1195960505689198	1.2658694837517268	2.338060516435727	2.2120206759678473	2.5240869057830517	2.569484735970799	0.8219194432641788	2.592665386941074	1.2983715007410734	1.6719370541636425	2.110467760818373	2.6907293818911384	2.225505957855167	2.9734267109562493	2.614214914004269	1.4926618902363644	2.3286699395463843	2.6099817489854096	2.5795510698557065	2.3222342345048856	1.839984776407983	2.48504118529018	2.3231809524662665	2.6091389674112957	2.4526933396337585	2.512831467112788	2.1887730861259067	2.1952273590573936	2.465929723762745	0.0	2.4908481547543824	2.0228202684229064	2.3123802416921317	2.4079079704605	2.321559334855424
Nanning	2.7848844280967997	2.976824893283266	2.3621120751212077	2.363881586341606	2.4661109775925185	2.58413588909251	2.4244543361245032	2.0552346496956035	2.573111356183843	2.20493905870317	2.5313177394238995	2.4736044911080937	2.2755790101797913	2.5183065514269325	2.323584618821239	2.19741166877441	2.5118648453271835	2.173815592031354	2.5541178233819624	2.470267582448793	2.512597362672973	2.7394371857218767	0.7794335654871891	2.3039208448255204	2.1047131372804118	2.4194642629867653	0.7020419431668512	2.1286917628537934	2.7205633537525356	2.779441091799466	2.367856685465142	2.3828923727049185	2.694713522212911	2.5499388694616942	2.4908481547543824	0.0	2.3649388915866223	2.556700238664678	2.5160753639370568	2.552216208899579
Chengdu	2.4626313884958826	2.4059225770545125	2.307980322091577	2.5233271907539097	1.7181309277975965	2.37544316815066	1.8475411110293756	2.0386869327927175	2.470368401647242	2.2763513868737624	2.394207560427896	2.0238648387748657	2.1981668966428525	2.108526554686148	1.9964533749132998	1.1394103353873453	2.4977393492764683	1.9900500628488411	2.841269785817609	2.2665484545911534	2.040157971820844	2.668622580762338	2.3275323971716113	2.3570081690216202	2.2665686150463205	1.309908964328665	2.33342821937162	2.397414128602361	2.641923599421961	2.692955526094777	2.421962822354247	2.3646768244887912	2.4209675606337506	2.2680749713849013	2.0228202684229064	2.3649388915866223	0.0	1.997056878737971	1.9256556332999328	2.2131992841585744
Xiangtan	2.742997128666055	3.012176526733959	2.373824440918394	2.3494649396349736	1.314829930121011	2.6331045242814515	2.1009497918293087	2.4144660751887823	2.714959031341423	2.4587694113161667	2.332041312061339	2.329214817629043	2.3028748023670444	2.2235625559338805	2.428638903168179	2.041622213471275	2.4673177829685455	2.350350549195794	2.5576728525890946	2.193157938815949	2.292771477867239	2.5845596596691673	2.5188630106804664	2.5757534710976637	2.406793344161741	2.061664173482631	2.5473808133673153	2.2430703399439533	2.602751635823499	2.9248352633937924	2.4348615431489673	2.2512664697045572	2.199536066277111	2.5700024075020256	2.3123802416921317	2.556700238664678	1.997056878737971	0.0	2.5509285970434754	2.5390227944023622
Kunming	2.3950448212281295	2.7059703064328176	2.440807312493997	2.460524316761596	2.215921803299216	2.24832220445334	2.096525260770277	2.26862751702685	2.3564640388993863	2.362294491321504	2.4563135239328266	2.2703405926657982	2.3395264750657114	2.511175115204312	2.274912965601449	2.0791976311807376	2.5886978546754347	2.1944092103977546	2.7611447503351894	2.317574733978509	2.2500029335054292	2.745279588812496	2.527591628375646	2.5930876558048483	2.5846667462679904	2.47746229379336	2.5241602009816413	2.501244574347326	2.446572099615854	2.570300800334529	2.379273238342404	2.5555977747812566	2.419901133032133	2.3221142470153824	2.4079079704605	2.5160753639370568	1.9256556332999328	2.5509285970434754	0.0	2.564183087044637
Taiyuan	2.5028157871790753	2.872528040686034	2.1968547491107886	2.463551658379156	2.284525736201999	2.274569773090496	2.1504184932266823	2.390420685711541	2.6317818310882624	2.2560155601686844	2.461907988180096	2.335809399158691	2.4483547451281535	2.284902794477628	2.160390033634066	2.2597364787368144	2.4070035670306265	2.3070655497805546	2.641167653181539	2.190517901753831	2.0182656337170455	2.4260035985337476	2.5421524855060156	2.6123939084286714	2.187615383421548	2.146913490801122	2.5564265437409843	2.4126663356243574	2.4709416192735576	2.5953397833630936	2.4989736291331113	2.4398262464934803	2.6298248485394233	1.6855678498832334	2.321559334855424	2.552216208899579	2.2131992841585744	2.5390227944023622	2.564183087044637	0.0
